experiment,horizon,loss,seed,split,forecast_origin_date,target_date,lead,actual,forecast
e5,3,MAE,2024,test,2023-05-24,2023-05-25,1,51.5000000000,51.0738906860
e5,3,MAE,2024,test,2023-05-24,2023-05-26,2,51.4000015259,50.6440773010
e5,3,MAE,2024,test,2023-05-24,2023-05-27,3,51.2999992371,50.2682952881
e5,3,MAE,2024,test,2023-05-25,2023-05-26,1,51.4000015259,51.0769691467
e5,3,MAE,2024,test,2023-05-25,2023-05-27,2,51.2999992371,50.4627571106
e5,3,MAE,2024,test,2023-05-25,2023-05-28,3,51.5000000000,50.4960403442
e5,3,MAE,2024,test,2023-05-26,2023-05-27,1,51.2999992371,50.7457580566
e5,3,MAE,2024,test,2023-05-26,2023-05-28,2,51.5000000000,50.8504524231
e5,3,MAE,2024,test,2023-05-26,2023-05-29,3,51.5000000000,52.1716079712
e5,3,MAE,2024,test,2023-05-27,2023-05-28,1,51.5000000000,50.9918823242
e5,3,MAE,2024,test,2023-05-27,2023-05-29,2,51.5000000000,51.7687034607
e5,3,MAE,2024,test,2023-05-27,2023-05-30,3,51.5999984741,51.0114173889
e5,3,MAE,2024,test,2023-05-28,2023-05-29,1,51.5000000000,51.6222763062
e5,3,MAE,2024,test,2023-05-28,2023-05-30,2,51.5999984741,50.9395370483
e5,3,MAE,2024,test,2023-05-28,2023-05-31,3,51.5999984741,51.2282791138
e5,3,MAE,2024,test,2023-05-29,2023-05-30,1,51.5999984741,50.9296188354
e5,3,MAE,2024,test,2023-05-29,2023-05-31,2,51.5999984741,51.0699653625
e5,3,MAE,2024,test,2023-05-29,2023-06-01,3,51.5999984741,51.1018829346
e5,3,MAE,2024,test,2023-05-30,2023-05-31,1,51.5999984741,51.3270416260
e5,3,MAE,2024,test,2023-05-30,2023-06-01,2,51.5999984741,51.3738098145
e5,3,MAE,2024,test,2023-05-30,2023-06-02,3,51.5000000000,50.9527320862
e5,3,MAE,2024,test,2023-05-31,2023-06-01,1,51.5999984741,51.2645263672
e5,3,MAE,2024,test,2023-05-31,2023-06-02,2,51.5000000000,51.0061454773
e5,3,MAE,2024,test,2023-05-31,2023-06-03,3,51.5000000000,50.4018707275
e5,3,MAE,2024,test,2023-06-01,2023-06-02,1,51.5000000000,51.7295150757
e5,3,MAE,2024,test,2023-06-01,2023-06-03,2,51.5000000000,51.2759971619
e5,3,MAE,2024,test,2023-06-01,2023-06-04,3,51.5999984741,50.8337020874
e5,3,MAE,2024,test,2023-06-02,2023-06-03,1,51.5000000000,51.3285102844
e5,3,MAE,2024,test,2023-06-02,2023-06-04,2,51.5999984741,50.6463661194
e5,3,MAE,2024,test,2023-06-02,2023-06-05,3,51.5999984741,51.4839630127
e5,3,MAE,2024,test,2023-06-03,2023-06-04,1,51.5999984741,51.2779502869
e5,3,MAE,2024,test,2023-06-03,2023-06-05,2,51.5999984741,52.0691719055
e5,3,MAE,2024,test,2023-06-03,2023-06-06,3,51.7000007629,52.0785903931
e5,3,MAE,2024,test,2023-06-04,2023-06-05,1,51.5999984741,52.6544342041
e5,3,MAE,2024,test,2023-06-04,2023-06-06,2,51.7000007629,52.6989173889
e5,3,MAE,2024,test,2023-06-04,2023-06-07,3,51.7999992371,52.0216064453
e5,3,MAE,2024,test,2023-06-05,2023-06-06,1,51.7000007629,51.9844245911
e5,3,MAE,2024,test,2023-06-05,2023-06-07,2,51.7999992371,51.4028549194
e5,3,MAE,2024,test,2023-06-05,2023-06-08,3,51.7000007629,51.8070755005
e5,3,MAE,2024,test,2023-06-06,2023-06-07,1,51.7999992371,51.3451843262
e5,3,MAE,2024,test,2023-06-06,2023-06-08,2,51.7000007629,51.6733093262
e5,3,MAE,2024,test,2023-06-06,2023-06-09,3,51.5999984741,51.9020652771
e5,3,MAE,2024,test,2023-06-07,2023-06-08,1,51.7000007629,51.5097122192
e5,3,MAE,2024,test,2023-06-07,2023-06-09,2,51.5999984741,51.4702110291
e5,3,MAE,2024,test,2023-06-07,2023-06-10,3,51.5000000000,51.2422332764
e5,3,MAE,2024,test,2023-06-08,2023-06-09,1,51.5999984741,51.3087463379
e5,3,MAE,2024,test,2023-06-08,2023-06-10,2,51.5000000000,50.8469047546
e5,3,MAE,2024,test,2023-06-08,2023-06-11,3,51.4000015259,50.9019813538
e5,3,MAE,2024,test,2023-06-09,2023-06-10,1,51.5000000000,51.2573013306
e5,3,MAE,2024,test,2023-06-09,2023-06-11,2,51.4000015259,51.3207397461
e5,3,MAE,2024,test,2023-06-09,2023-06-12,3,51.2999992371,50.5390739441
e5,3,MAE,2024,test,2023-06-10,2023-06-11,1,51.4000015259,51.6576385498
e5,3,MAE,2024,test,2023-06-10,2023-06-12,2,51.2999992371,50.7855949402
e5,3,MAE,2024,test,2023-06-10,2023-06-13,3,51.0000000000,50.3139877319
e5,3,MAE,2024,test,2023-06-11,2023-06-12,1,51.2999992371,50.7461242676
e5,3,MAE,2024,test,2023-06-11,2023-06-13,2,51.0000000000,50.3344955444
e5,3,MAE,2024,test,2023-06-11,2023-06-14,3,50.9000015259,50.0030632019
e5,3,MAE,2024,test,2023-06-12,2023-06-13,1,51.0000000000,50.7808761597
e5,3,MAE,2024,test,2023-06-12,2023-06-14,2,50.9000015259,50.5300521851
e5,3,MAE,2024,test,2023-06-12,2023-06-15,3,50.7000007629,50.6107749939
e5,3,MAE,2024,test,2023-06-13,2023-06-14,1,50.9000015259,50.6765518188
e5,3,MAE,2024,test,2023-06-13,2023-06-15,2,50.7000007629,50.7593078613
e5,3,MAE,2024,test,2023-06-13,2023-06-16,3,51.2999992371,51.7388763428
e5,3,MAE,2024,test,2023-06-14,2023-06-15,1,50.7000007629,50.8854446411
e5,3,MAE,2024,test,2023-06-14,2023-06-16,2,51.2999992371,51.8673362732
e5,3,MAE,2024,test,2023-06-14,2023-06-17,3,51.5999984741,51.7155456543
e5,3,MAE,2024,test,2023-06-15,2023-06-16,1,51.2999992371,51.8865814209
e5,3,MAE,2024,test,2023-06-15,2023-06-17,2,51.5999984741,51.8289680481
e5,3,MAE,2024,test,2023-06-15,2023-06-18,3,51.7000007629,51.5784645081
e5,3,MAE,2024,test,2023-06-16,2023-06-17,1,51.5999984741,52.2665100098
e5,3,MAE,2024,test,2023-06-16,2023-06-18,2,51.7000007629,51.8732223511
e5,3,MAE,2024,test,2023-06-16,2023-06-19,3,51.5999984741,51.4802246094
e5,3,MAE,2024,test,2023-06-17,2023-06-18,1,51.7000007629,51.3029365540
e5,3,MAE,2024,test,2023-06-17,2023-06-19,2,51.5999984741,50.8928489685
e5,3,MAE,2024,test,2023-06-17,2023-06-20,3,51.5999984741,50.8693008423
e5,3,MAE,2024,test,2023-06-18,2023-06-19,1,51.5999984741,51.3538742065
e5,3,MAE,2024,test,2023-06-18,2023-06-20,2,51.5999984741,51.3605346680
e5,3,MAE,2024,test,2023-06-18,2023-06-21,3,51.7000007629,51.6673812866
e5,3,MAE,2024,test,2023-06-19,2023-06-20,1,51.5999984741,51.5451278687
e5,3,MAE,2024,test,2023-06-19,2023-06-21,2,51.7000007629,51.6514396667
e5,3,MAE,2024,test,2023-06-19,2023-06-22,3,51.7000007629,52.8090629578
e5,3,MAE,2024,test,2023-06-20,2023-06-21,1,51.7000007629,52.1476097107
e5,3,MAE,2024,test,2023-06-20,2023-06-22,2,51.7000007629,53.6546554565
e5,3,MAE,2024,test,2023-06-20,2023-06-23,3,51.5999984741,52.6674842834
e5,3,MAE,2024,test,2023-06-21,2023-06-22,1,51.7000007629,53.7065811157
e5,3,MAE,2024,test,2023-06-21,2023-06-23,2,51.5999984741,53.1366500854
e5,3,MAE,2024,test,2023-06-21,2023-06-24,3,51.5999984741,53.7251129150
e5,3,MAE,2024,test,2023-06-22,2023-06-23,1,51.5999984741,52.6212539673
e5,3,MAE,2024,test,2023-06-22,2023-06-24,2,51.5999984741,52.8623924255
e5,3,MAE,2024,test,2023-06-22,2023-06-25,3,51.5000000000,52.0358543396
e5,3,MAE,2024,test,2023-06-23,2023-06-24,1,51.5999984741,52.8385200500
e5,3,MAE,2024,test,2023-06-23,2023-06-25,2,51.5000000000,51.8451652527
e5,3,MAE,2024,test,2023-06-23,2023-06-26,3,51.4000015259,51.8219299316
e5,3,MAE,2024,test,2023-06-24,2023-06-25,1,51.5000000000,51.8783912659
e5,3,MAE,2024,test,2023-06-24,2023-06-26,2,51.4000015259,51.8653678894
e5,3,MAE,2024,test,2023-06-24,2023-06-27,3,51.5999984741,51.9781494141
e5,3,MAE,2024,test,2023-06-25,2023-06-26,1,51.4000015259,51.8597145081
e5,3,MAE,2024,test,2023-06-25,2023-06-27,2,51.5999984741,51.6639633179
e5,3,MAE,2024,test,2023-06-25,2023-06-28,3,51.5000000000,51.7403717041
e5,3,MAE,2024,test,2023-06-26,2023-06-27,1,51.5999984741,51.2470817566
e5,3,MAE,2024,test,2023-06-26,2023-06-28,2,51.5000000000,50.8617782593
e5,3,MAE,2024,test,2023-06-26,2023-06-29,3,51.5999984741,51.3531990051
e5,3,MAE,2024,test,2023-06-27,2023-06-28,1,51.5000000000,51.3359451294
e5,3,MAE,2024,test,2023-06-27,2023-06-29,2,51.5999984741,51.5970344543
e5,3,MAE,2024,test,2023-06-27,2023-06-30,3,51.5999984741,51.9930496216
e5,3,MAE,2024,test,2023-06-28,2023-06-29,1,51.5999984741,51.9846115112
e5,3,MAE,2024,test,2023-06-28,2023-06-30,2,51.5999984741,51.8629226685
e5,3,MAE,2024,test,2023-06-28,2023-07-01,3,51.5999984741,51.1925430298
e5,3,MAE,2024,test,2023-06-29,2023-06-30,1,51.5999984741,52.2364425659
e5,3,MAE,2024,test,2023-06-29,2023-07-01,2,51.5999984741,51.6307182312
e5,3,MAE,2024,test,2023-06-29,2023-07-02,3,51.7999992371,54.1649436951
e5,3,MAE,2024,test,2023-06-30,2023-07-01,1,51.5999984741,51.3307266235
e5,3,MAE,2024,test,2023-06-30,2023-07-02,2,51.7999992371,53.4518966675
e5,3,MAE,2024,test,2023-06-30,2023-07-03,3,51.7999992371,51.4263420105
e5,3,MAE,2024,test,2023-07-01,2023-07-02,1,51.7999992371,52.9157524109
e5,3,MAE,2024,test,2023-07-01,2023-07-03,2,51.7999992371,51.1589050293
e5,3,MAE,2024,test,2023-07-01,2023-07-04,3,51.9000015259,51.2517433167
e5,3,MAE,2024,test,2023-07-02,2023-07-03,1,51.7999992371,51.2127571106
e5,3,MAE,2024,test,2023-07-02,2023-07-04,2,51.9000015259,51.1725845337
e5,3,MAE,2024,test,2023-07-02,2023-07-05,3,51.9000015259,52.0253295898
e5,3,MAE,2024,test,2023-07-03,2023-07-04,1,51.9000015259,51.0510902405
e5,3,MAE,2024,test,2023-07-03,2023-07-05,2,51.9000015259,51.6690025330
e5,3,MAE,2024,test,2023-07-03,2023-07-06,3,51.5999984741,51.9162864685
e5,3,MAE,2024,test,2023-07-04,2023-07-05,1,51.9000015259,51.6191024780
e5,3,MAE,2024,test,2023-07-04,2023-07-06,2,51.5999984741,51.6056671143
e5,3,MAE,2024,test,2023-07-04,2023-07-07,3,51.7000007629,52.9373283386
e5,3,MAE,2024,test,2023-07-05,2023-07-06,1,51.5999984741,51.6909561157
e5,3,MAE,2024,test,2023-07-05,2023-07-07,2,51.7000007629,52.9221000671
e5,3,MAE,2024,test,2023-07-05,2023-07-08,3,51.7000007629,51.3705978394
e5,3,MAE,2024,test,2023-07-06,2023-07-07,1,51.7000007629,52.8520545959
e5,3,MAE,2024,test,2023-07-06,2023-07-08,2,51.7000007629,51.1973457336
e5,3,MAE,2024,test,2023-07-06,2023-07-09,3,51.7999992371,51.3060302734
e5,3,MAE,2024,test,2023-07-07,2023-07-08,1,51.7000007629,51.7332801819
e5,3,MAE,2024,test,2023-07-07,2023-07-09,2,51.7999992371,51.7150230408
e5,3,MAE,2024,test,2023-07-07,2023-07-10,3,51.7999992371,50.8359985352
e5,3,MAE,2024,test,2023-07-08,2023-07-09,1,51.7999992371,52.2397613525
e5,3,MAE,2024,test,2023-07-08,2023-07-10,2,51.7999992371,51.1472969055
e5,3,MAE,2024,test,2023-07-08,2023-07-11,3,51.7999992371,51.0646438599
e5,3,MAE,2024,test,2023-07-09,2023-07-10,1,51.7999992371,51.5342483521
e5,3,MAE,2024,test,2023-07-09,2023-07-11,2,51.7999992371,51.7718048096
e5,3,MAE,2024,test,2023-07-09,2023-07-12,3,51.7000007629,51.0247764587
e5,3,MAE,2024,test,2023-07-10,2023-07-11,1,51.7999992371,51.5743370056
e5,3,MAE,2024,test,2023-07-10,2023-07-12,2,51.7000007629,51.1712760925
e5,3,MAE,2024,test,2023-07-10,2023-07-13,3,51.9000015259,51.4947891235
e5,3,MAE,2024,test,2023-07-11,2023-07-12,1,51.7000007629,51.3668785095
e5,3,MAE,2024,test,2023-07-11,2023-07-13,2,51.9000015259,51.6387405396
e5,3,MAE,2024,test,2023-07-11,2023-07-14,3,51.9000015259,51.6319847107
e5,3,MAE,2024,test,2023-07-12,2023-07-13,1,51.9000015259,51.4739837646
e5,3,MAE,2024,test,2023-07-12,2023-07-14,2,51.9000015259,51.2823867798
e5,3,MAE,2024,test,2023-07-12,2023-07-15,3,51.7999992371,51.0085754395
e5,3,MAE,2024,test,2023-07-13,2023-07-14,1,51.9000015259,51.7995719910
e5,3,MAE,2024,test,2023-07-13,2023-07-15,2,51.7999992371,51.1955604553
e5,3,MAE,2024,test,2023-07-13,2023-07-16,3,51.7999992371,51.0454673767
e5,3,MAE,2024,test,2023-07-14,2023-07-15,1,51.7999992371,51.5265197754
e5,3,MAE,2024,test,2023-07-14,2023-07-16,2,51.7999992371,51.3679580688
e5,3,MAE,2024,test,2023-07-14,2023-07-17,3,52.0000000000,51.8677139282
e5,3,MAE,2024,test,2023-07-15,2023-07-16,1,51.7999992371,51.4119949341
e5,3,MAE,2024,test,2023-07-15,2023-07-17,2,52.0000000000,51.7857437134
e5,3,MAE,2024,test,2023-07-15,2023-07-18,3,52.0999984741,51.7450637817
e5,3,MAE,2024,test,2023-07-16,2023-07-17,1,52.0000000000,51.4337882996
e5,3,MAE,2024,test,2023-07-16,2023-07-18,2,52.0999984741,51.1938018799
e5,3,MAE,2024,test,2023-07-16,2023-07-19,3,52.0000000000,50.9254493713
e5,3,MAE,2024,test,2023-07-17,2023-07-18,1,52.0999984741,51.7095184326
e5,3,MAE,2024,test,2023-07-17,2023-07-19,2,52.0000000000,51.3752059937
e5,3,MAE,2024,test,2023-07-17,2023-07-20,3,52.0000000000,51.9727630615
e5,3,MAE,2024,test,2023-07-18,2023-07-19,1,52.0000000000,51.8440666199
e5,3,MAE,2024,test,2023-07-18,2023-07-20,2,52.0000000000,52.6408843994
e5,3,MAE,2024,test,2023-07-18,2023-07-21,3,52.0000000000,54.3337059021
e5,3,MAE,2024,test,2023-07-19,2023-07-20,1,52.0000000000,53.2353363037
e5,3,MAE,2024,test,2023-07-19,2023-07-21,2,52.0000000000,55.2546768188
e5,3,MAE,2024,test,2023-07-19,2023-07-22,3,52.2000007629,52.1375923157
e5,3,MAE,2024,test,2023-07-20,2023-07-21,1,52.0000000000,54.6102561951
e5,3,MAE,2024,test,2023-07-20,2023-07-22,2,52.2000007629,51.7544555664
e5,3,MAE,2024,test,2023-07-20,2023-07-23,3,52.2000007629,51.8716735840
e5,3,MAE,2024,test,2023-07-21,2023-07-22,1,52.2000007629,51.5507850647
e5,3,MAE,2024,test,2023-07-21,2023-07-23,2,52.2000007629,51.3956565857
e5,3,MAE,2024,test,2023-07-21,2023-07-24,3,52.0999984741,51.3355445862
e5,3,MAE,2024,test,2023-07-22,2023-07-23,1,52.2000007629,51.7869110107
e5,3,MAE,2024,test,2023-07-22,2023-07-24,2,52.0999984741,51.7239608765
e5,3,MAE,2024,test,2023-07-22,2023-07-25,3,52.2000007629,51.4302825928
e5,3,MAE,2024,test,2023-07-23,2023-07-24,1,52.0999984741,52.0221252441
e5,3,MAE,2024,test,2023-07-23,2023-07-25,2,52.2000007629,51.7308959961
e5,3,MAE,2024,test,2023-07-23,2023-07-26,3,52.2000007629,51.8849639893
e5,3,MAE,2024,test,2023-07-24,2023-07-25,1,52.2000007629,52.2060317993
e5,3,MAE,2024,test,2023-07-24,2023-07-26,2,52.2000007629,52.0824470520
e5,3,MAE,2024,test,2023-07-24,2023-07-27,3,52.2999992371,51.6193351746
e5,3,MAE,2024,test,2023-07-25,2023-07-26,1,52.2000007629,52.4655685425
e5,3,MAE,2024,test,2023-07-25,2023-07-27,2,52.2999992371,52.2058219910
e5,3,MAE,2024,test,2023-07-25,2023-07-28,3,52.2999992371,52.2764587402
e5,3,MAE,2024,test,2023-07-26,2023-07-27,1,52.2999992371,51.9545211792
e5,3,MAE,2024,test,2023-07-26,2023-07-28,2,52.2999992371,51.9532241821
e5,3,MAE,2024,test,2023-07-26,2023-07-29,3,52.2999992371,51.7328338623
e5,3,MAE,2024,test,2023-07-27,2023-07-28,1,52.2999992371,51.9540061951
e5,3,MAE,2024,test,2023-07-27,2023-07-29,2,52.2999992371,51.6563758850
e5,3,MAE,2024,test,2023-07-27,2023-07-30,3,52.2999992371,51.2340507507
e5,3,MAE,2024,test,2023-07-28,2023-07-29,1,52.2999992371,51.9049987793
e5,3,MAE,2024,test,2023-07-28,2023-07-30,2,52.2999992371,51.6474266052
e5,3,MAE,2024,test,2023-07-28,2023-07-31,3,52.2000007629,51.3548088074
e5,3,MAE,2024,test,2023-07-29,2023-07-30,1,52.2999992371,52.0554809570
e5,3,MAE,2024,test,2023-07-29,2023-07-31,2,52.2000007629,51.7426071167
e5,3,MAE,2024,test,2023-07-29,2023-08-01,3,52.0999984741,51.1431694031
e5,3,MAE,2024,test,2023-07-30,2023-07-31,1,52.2000007629,52.1584243774
e5,3,MAE,2024,test,2023-07-30,2023-08-01,2,52.0999984741,51.4748535156
e5,3,MAE,2024,test,2023-07-30,2023-08-02,3,52.2000007629,52.0287818909
e5,3,MAE,2024,test,2023-07-31,2023-08-01,1,52.0999984741,51.7533798218
e5,3,MAE,2024,test,2023-07-31,2023-08-02,2,52.2000007629,52.4281921387
e5,3,MAE,2024,test,2023-07-31,2023-08-03,3,52.5000000000,51.6457901001
e5,3,MAE,2024,test,2023-08-01,2023-08-02,1,52.2000007629,52.6472969055
e5,3,MAE,2024,test,2023-08-01,2023-08-03,2,52.5000000000,51.9317398071
e5,3,MAE,2024,test,2023-08-01,2023-08-04,3,52.5000000000,51.8466377258
e5,3,MAE,2024,test,2023-08-02,2023-08-03,1,52.5000000000,51.9959259033
e5,3,MAE,2024,test,2023-08-02,2023-08-04,2,52.5000000000,51.8294792175
e5,3,MAE,2024,test,2023-08-02,2023-08-05,3,52.2000007629,51.2273178101
e5,3,MAE,2024,test,2023-08-03,2023-08-04,1,52.5000000000,52.3721694946
e5,3,MAE,2024,test,2023-08-03,2023-08-05,2,52.2000007629,51.8589096069
e5,3,MAE,2024,test,2023-08-03,2023-08-06,3,52.0999984741,51.5939903259
e5,3,MAE,2024,test,2023-08-04,2023-08-05,1,52.2000007629,52.1557579041
e5,3,MAE,2024,test,2023-08-04,2023-08-06,2,52.0999984741,51.9494400024
e5,3,MAE,2024,test,2023-08-04,2023-08-07,3,51.9000015259,51.5533866882
e5,3,MAE,2024,test,2023-08-05,2023-08-06,1,52.0999984741,51.7745246887
e5,3,MAE,2024,test,2023-08-05,2023-08-07,2,51.9000015259,51.4355659485
e5,3,MAE,2024,test,2023-08-05,2023-08-08,3,52.0000000000,51.7098388672
e5,3,MAE,2024,test,2023-08-06,2023-08-07,1,51.9000015259,51.6942863464
e5,3,MAE,2024,test,2023-08-06,2023-08-08,2,52.0000000000,51.8245048523
e5,3,MAE,2024,test,2023-08-06,2023-08-09,3,52.2999992371,51.6213607788
e5,3,MAE,2024,test,2023-08-07,2023-08-08,1,52.0000000000,51.9413375854
e5,3,MAE,2024,test,2023-08-07,2023-08-09,2,52.2999992371,51.3453903198
e5,3,MAE,2024,test,2023-08-07,2023-08-10,3,52.0999984741,51.4658699036
e5,3,MAE,2024,test,2023-08-08,2023-08-09,1,52.2999992371,51.5980949402
e5,3,MAE,2024,test,2023-08-08,2023-08-10,2,52.0999984741,51.6138801575
e5,3,MAE,2024,test,2023-08-08,2023-08-11,3,52.0999984741,51.1940879822
e5,3,MAE,2024,test,2023-08-09,2023-08-10,1,52.0999984741,52.1783599854
e5,3,MAE,2024,test,2023-08-09,2023-08-11,2,52.0999984741,51.7854042053
e5,3,MAE,2024,test,2023-08-09,2023-08-12,3,51.9000015259,51.8653297424
e5,3,MAE,2024,test,2023-08-10,2023-08-11,1,52.0999984741,51.8234939575
e5,3,MAE,2024,test,2023-08-10,2023-08-12,2,51.9000015259,51.9264411926
e5,3,MAE,2024,test,2023-08-10,2023-08-13,3,51.9000015259,51.8325195312
e5,3,MAE,2024,test,2023-08-11,2023-08-12,1,51.9000015259,51.8480834961
e5,3,MAE,2024,test,2023-08-11,2023-08-13,2,51.9000015259,51.6697044373
e5,3,MAE,2024,test,2023-08-11,2023-08-14,3,52.0000000000,51.3950424194
e5,3,MAE,2024,test,2023-08-12,2023-08-13,1,51.9000015259,51.7789459229
e5,3,MAE,2024,test,2023-08-12,2023-08-14,2,52.0000000000,51.6287422180
e5,3,MAE,2024,test,2023-08-12,2023-08-15,3,52.2999992371,51.3702964783
e5,3,MAE,2024,test,2023-08-13,2023-08-14,1,52.0000000000,51.8024063110
e5,3,MAE,2024,test,2023-08-13,2023-08-15,2,52.2999992371,51.3883323669
e5,3,MAE,2024,test,2023-08-13,2023-08-16,3,52.0000000000,51.2397537231
e5,3,MAE,2024,test,2023-08-14,2023-08-15,1,52.2999992371,51.6105690002
e5,3,MAE,2024,test,2023-08-14,2023-08-16,2,52.0000000000,51.6723594666
e5,3,MAE,2024,test,2023-08-14,2023-08-17,3,52.2999992371,51.7359809875
e5,3,MAE,2024,test,2023-08-15,2023-08-16,1,52.0000000000,52.1644401550
e5,3,MAE,2024,test,2023-08-15,2023-08-17,2,52.2999992371,52.2388992310
e5,3,MAE,2024,test,2023-08-15,2023-08-18,3,52.0999984741,51.9005966187
e5,3,MAE,2024,test,2023-08-16,2023-08-17,1,52.2999992371,51.8744964600
e5,3,MAE,2024,test,2023-08-16,2023-08-18,2,52.0999984741,51.4096145630
e5,3,MAE,2024,test,2023-08-16,2023-08-19,3,52.0000000000,51.6300201416
e5,3,MAE,2024,test,2023-08-17,2023-08-18,1,52.0999984741,51.5718765259
e5,3,MAE,2024,test,2023-08-17,2023-08-19,2,52.0000000000,51.9489440918
e5,3,MAE,2024,test,2023-08-17,2023-08-20,3,52.4000015259,52.1470947266
e5,3,MAE,2024,test,2023-08-18,2023-08-19,1,52.0000000000,52.2202949524
e5,3,MAE,2024,test,2023-08-18,2023-08-20,2,52.4000015259,52.5636253357
e5,3,MAE,2024,test,2023-08-18,2023-08-21,3,52.5000000000,52.7021903992
e5,3,MAE,2024,test,2023-08-19,2023-08-20,1,52.4000015259,52.8197402954
e5,3,MAE,2024,test,2023-08-19,2023-08-21,2,52.5000000000,52.2379798889
e5,3,MAE,2024,test,2023-08-19,2023-08-22,3,52.5999984741,52.2013053894
e5,3,MAE,2024,test,2023-08-20,2023-08-21,1,52.5000000000,52.5156288147
e5,3,MAE,2024,test,2023-08-20,2023-08-22,2,52.5999984741,52.4887123108
e5,3,MAE,2024,test,2023-08-20,2023-08-23,3,52.5000000000,52.5248947144
e5,3,MAE,2024,test,2023-08-21,2023-08-22,1,52.5999984741,52.1910362244
e5,3,MAE,2024,test,2023-08-21,2023-08-23,2,52.5000000000,51.8859024048
e5,3,MAE,2024,test,2023-08-21,2023-08-24,3,52.2000007629,51.4405326843
e5,3,MAE,2024,test,2023-08-22,2023-08-23,1,52.5000000000,52.1285591125
e5,3,MAE,2024,test,2023-08-22,2023-08-24,2,52.2000007629,51.8756256104
e5,3,MAE,2024,test,2023-08-22,2023-08-25,3,51.9000015259,51.7114295959
e5,3,MAE,2024,test,2023-08-23,2023-08-24,1,52.2000007629,51.6965370178
e5,3,MAE,2024,test,2023-08-23,2023-08-25,2,51.9000015259,51.7020645142
e5,3,MAE,2024,test,2023-08-23,2023-08-26,3,51.5000000000,51.5885047913
e5,3,MAE,2024,test,2023-08-24,2023-08-25,1,51.9000015259,54.6723060608
e5,3,MAE,2024,test,2023-08-24,2023-08-26,2,51.5000000000,55.5687637329
e5,3,MAE,2024,test,2023-08-24,2023-08-27,3,51.2999992371,53.0433464050
e5,3,MAE,2024,test,2023-08-25,2023-08-26,1,51.5000000000,51.4585113525
e5,3,MAE,2024,test,2023-08-25,2023-08-27,2,51.2999992371,50.6482353210
e5,3,MAE,2024,test,2023-08-25,2023-08-28,3,51.0999984741,50.3979530334
e5,3,MAE,2024,test,2023-08-26,2023-08-27,1,51.2999992371,51.0056648254
e5,3,MAE,2024,test,2023-08-26,2023-08-28,2,51.0999984741,50.9052238464
e5,3,MAE,2024,test,2023-08-26,2023-08-29,3,50.7999992371,50.6895446777
e5,3,MAE,2024,test,2023-08-27,2023-08-28,1,51.0999984741,51.0173187256
e5,3,MAE,2024,test,2023-08-27,2023-08-29,2,50.7999992371,50.7451019287
e5,3,MAE,2024,test,2023-08-27,2023-08-30,3,51.0999984741,51.4740180969
e5,3,MAE,2024,test,2023-08-28,2023-08-29,1,50.7999992371,50.6973838806
e5,3,MAE,2024,test,2023-08-28,2023-08-30,2,51.0999984741,51.1680641174
e5,3,MAE,2024,test,2023-08-28,2023-08-31,3,52.0000000000,50.5336418152
e5,3,MAE,2024,test,2023-08-29,2023-08-30,1,51.0999984741,50.9249076843
e5,3,MAE,2024,test,2023-08-29,2023-08-31,2,52.0000000000,50.1046066284
e5,3,MAE,2024,test,2023-08-29,2023-09-01,3,51.5999984741,50.0826873779
e5,3,MAE,2024,test,2023-08-30,2023-08-31,1,52.0000000000,50.5178108215
e5,3,MAE,2024,test,2023-08-30,2023-09-01,2,51.5999984741,50.6171340942
e5,3,MAE,2024,test,2023-08-30,2023-09-02,3,51.5000000000,50.4896812439
e5,3,MAE,2024,test,2023-08-31,2023-09-01,1,51.5999984741,51.7326583862
e5,3,MAE,2024,test,2023-08-31,2023-09-02,2,51.5000000000,51.1191177368
e5,3,MAE,2024,test,2023-08-31,2023-09-03,3,51.2999992371,51.7905044556
e5,3,MAE,2024,test,2023-09-01,2023-09-02,1,51.5000000000,50.8054389954
e5,3,MAE,2024,test,2023-09-01,2023-09-03,2,51.2999992371,51.7459030151
e5,3,MAE,2024,test,2023-09-01,2023-09-04,3,51.7999992371,54.2397880554
e5,3,MAE,2024,test,2023-09-02,2023-09-03,1,51.2999992371,51.2576065063
e5,3,MAE,2024,test,2023-09-02,2023-09-04,2,51.7999992371,53.2316360474
e5,3,MAE,2024,test,2023-09-02,2023-09-05,3,52.0999984741,52.4428215027
e5,3,MAE,2024,test,2023-09-03,2023-09-04,1,51.7999992371,53.2835235596
e5,3,MAE,2024,test,2023-09-03,2023-09-05,2,52.0999984741,52.0284423828
e5,3,MAE,2024,test,2023-09-03,2023-09-06,3,52.0999984741,51.5779533386
e5,3,MAE,2024,test,2023-09-04,2023-09-05,1,52.0999984741,52.0565452576
e5,3,MAE,2024,test,2023-09-04,2023-09-06,2,52.0999984741,51.7303543091
e5,3,MAE,2024,test,2023-09-04,2023-09-07,3,52.0999984741,52.6064910889
e5,3,MAE,2024,test,2023-09-05,2023-09-06,1,52.0999984741,51.6733131409
e5,3,MAE,2024,test,2023-09-05,2023-09-07,2,52.0999984741,52.3938064575
e5,3,MAE,2024,test,2023-09-05,2023-09-08,3,52.0999984741,51.9321327209
e5,3,MAE,2024,test,2023-09-06,2023-09-07,1,52.0999984741,51.9947357178
e5,3,MAE,2024,test,2023-09-06,2023-09-08,2,52.0999984741,51.3216133118
e5,3,MAE,2024,test,2023-09-06,2023-09-09,3,52.0999984741,51.0394134521
e5,3,MAE,2024,test,2023-09-07,2023-09-08,1,52.0999984741,51.6118621826
e5,3,MAE,2024,test,2023-09-07,2023-09-09,2,52.0999984741,51.1070556641
e5,3,MAE,2024,test,2023-09-07,2023-09-10,3,51.9000015259,50.6991424561
e5,3,MAE,2024,test,2023-09-08,2023-09-09,1,52.0999984741,51.6234283447
e5,3,MAE,2024,test,2023-09-08,2023-09-10,2,51.9000015259,51.1807556152
e5,3,MAE,2024,test,2023-09-08,2023-09-11,3,51.7999992371,52.0296516418
e5,3,MAE,2024,test,2023-09-09,2023-09-10,1,51.9000015259,51.3247032166
e5,3,MAE,2024,test,2023-09-09,2023-09-11,2,51.7999992371,52.5169677734
e5,3,MAE,2024,test,2023-09-09,2023-09-12,3,52.0999984741,51.2632179260
e5,3,MAE,2024,test,2023-09-10,2023-09-11,1,51.7999992371,52.4141998291
e5,3,MAE,2024,test,2023-09-10,2023-09-12,2,52.0999984741,51.4224357605
e5,3,MAE,2024,test,2023-09-10,2023-09-13,3,52.0999984741,51.7487869263
e5,3,MAE,2024,test,2023-09-11,2023-09-12,1,52.0999984741,51.3037071228
e5,3,MAE,2024,test,2023-09-11,2023-09-13,2,52.0999984741,51.2121276855
e5,3,MAE,2024,test,2023-09-11,2023-09-14,3,52.0000000000,50.7928504944
e5,3,MAE,2024,test,2023-09-12,2023-09-13,1,52.0999984741,51.7695198059
e5,3,MAE,2024,test,2023-09-12,2023-09-14,2,52.0000000000,51.4822807312
e5,3,MAE,2024,test,2023-09-12,2023-09-15,3,51.9000015259,51.4715385437
e5,3,MAE,2024,test,2023-09-13,2023-09-14,1,52.0000000000,51.6033935547
e5,3,MAE,2024,test,2023-09-13,2023-09-15,2,51.9000015259,51.5364379883
e5,3,MAE,2024,test,2023-09-13,2023-09-16,3,52.0000000000,51.5157775879
e5,3,MAE,2024,test,2023-09-14,2023-09-15,1,51.9000015259,51.7576332092
e5,3,MAE,2024,test,2023-09-14,2023-09-16,2,52.0000000000,51.5899620056
e5,3,MAE,2024,test,2023-09-14,2023-09-17,3,51.7000007629,51.1446075439
e5,3,MAE,2024,test,2023-09-15,2023-09-16,1,52.0000000000,51.4744873047
e5,3,MAE,2024,test,2023-09-15,2023-09-17,2,51.7000007629,50.9411621094
e5,3,MAE,2024,test,2023-09-15,2023-09-18,3,51.4000015259,50.8744010925
e5,3,MAE,2024,test,2023-09-16,2023-09-17,1,51.7000007629,51.4172935486
e5,3,MAE,2024,test,2023-09-16,2023-09-18,2,51.4000015259,51.5695266724
e5,3,MAE,2024,test,2023-09-16,2023-09-19,3,51.2000007629,51.1606330872
e5,3,MAE,2024,test,2023-09-17,2023-09-18,1,51.4000015259,51.2701263428
e5,3,MAE,2024,test,2023-09-17,2023-09-19,2,51.2000007629,50.9313430786
e5,3,MAE,2024,test,2023-09-17,2023-09-20,3,51.0000000000,50.6820220947
e5,3,MAE,2024,test,2023-09-18,2023-09-19,1,51.2000007629,50.7372360229
e5,3,MAE,2024,test,2023-09-18,2023-09-20,2,51.0000000000,50.4089202881
e5,3,MAE,2024,test,2023-09-18,2023-09-21,3,50.5999984741,49.6368217468
e5,3,MAE,2024,test,2023-09-19,2023-09-20,1,51.0000000000,50.6531600952
e5,3,MAE,2024,test,2023-09-19,2023-09-21,2,50.5999984741,50.0093040466
e5,3,MAE,2024,test,2023-09-19,2023-09-22,3,50.4000015259,49.5708961487
e5,3,MAE,2024,test,2023-09-20,2023-09-21,1,50.5999984741,50.2763786316
e5,3,MAE,2024,test,2023-09-20,2023-09-22,2,50.4000015259,49.6797790527
e5,3,MAE,2024,test,2023-09-20,2023-09-23,3,50.4000015259,50.3054924011
e5,3,MAE,2024,test,2023-09-21,2023-09-22,1,50.4000015259,49.9130630493
e5,3,MAE,2024,test,2023-09-21,2023-09-23,2,50.4000015259,50.7183685303
e5,3,MAE,2024,test,2023-09-21,2023-09-24,3,52.0999984741,51.0201797485
e5,3,MAE,2024,test,2023-09-22,2023-09-23,1,50.4000015259,50.7654724121
e5,3,MAE,2024,test,2023-09-22,2023-09-24,2,52.0999984741,50.9385910034
e5,3,MAE,2024,test,2023-09-22,2023-09-25,3,52.2000007629,52.2650108337
e5,3,MAE,2024,test,2023-09-23,2023-09-24,1,52.0999984741,50.2494621277
e5,3,MAE,2024,test,2023-09-23,2023-09-25,2,52.2000007629,50.9329757690
e5,3,MAE,2024,test,2023-09-23,2023-09-26,3,52.2000007629,49.7300872803
e5,3,MAE,2024,test,2023-09-24,2023-09-25,1,52.2000007629,52.8216857910
e5,3,MAE,2024,test,2023-09-24,2023-09-26,2,52.2000007629,51.5064315796
e5,3,MAE,2024,test,2023-09-24,2023-09-27,3,52.2999992371,51.6836509705
e5,3,MAE,2024,test,2023-09-25,2023-09-26,1,52.2000007629,51.7166671753
e5,3,MAE,2024,test,2023-09-25,2023-09-27,2,52.2999992371,52.0480079651
e5,3,MAE,2024,test,2023-09-25,2023-09-28,3,52.2999992371,52.5748977661
e5,3,MAE,2024,test,2023-09-26,2023-09-27,1,52.2999992371,51.1492195129
e5,3,MAE,2024,test,2023-09-26,2023-09-28,2,52.2999992371,51.7528953552
e5,3,MAE,2024,test,2023-09-26,2023-09-29,3,52.2999992371,51.2272872925
e5,3,MAE,2024,test,2023-09-27,2023-09-28,1,52.2999992371,52.1278533936
e5,3,MAE,2024,test,2023-09-27,2023-09-29,2,52.2999992371,51.3600234985
e5,3,MAE,2024,test,2023-09-27,2023-09-30,3,52.2999992371,53.0112495422
e5,3,MAE,2024,test,2023-09-28,2023-09-29,1,52.2999992371,51.6369781494
e5,3,MAE,2024,test,2023-09-28,2023-09-30,2,52.2999992371,53.3271102905
e5,3,MAE,2024,test,2023-09-28,2023-10-01,3,52.5000000000,51.8199005127
e5,3,MAE,2024,test,2023-09-29,2023-09-30,1,52.2999992371,52.7683105469
e5,3,MAE,2024,test,2023-09-29,2023-10-01,2,52.5000000000,51.4705467224
e5,3,MAE,2024,test,2023-09-29,2023-10-02,3,52.5000000000,51.1226654053
e5,3,MAE,2024,test,2023-09-30,2023-10-01,1,52.5000000000,51.6748847961
e5,3,MAE,2024,test,2023-09-30,2023-10-02,2,52.5000000000,51.3781204224
e5,3,MAE,2024,test,2023-09-30,2023-10-03,3,52.4000015259,51.1237564087
e5,3,MAE,2024,test,2023-10-01,2023-10-02,1,52.5000000000,51.9177742004
e5,3,MAE,2024,test,2023-10-01,2023-10-03,2,52.4000015259,51.4170646667
e5,3,MAE,2024,test,2023-10-01,2023-10-04,3,52.2999992371,51.3020210266
e5,3,MAE,2024,test,2023-10-02,2023-10-03,1,52.4000015259,51.6432456970
e5,3,MAE,2024,test,2023-10-02,2023-10-04,2,52.2999992371,51.7278060913
e5,3,MAE,2024,test,2023-10-02,2023-10-05,3,52.0000000000,51.3756370544
e5,3,MAE,2024,test,2023-10-03,2023-10-04,1,52.2999992371,51.7376861572
e5,3,MAE,2024,test,2023-10-03,2023-10-05,2,52.0000000000,51.3381385803
e5,3,MAE,2024,test,2023-10-03,2023-10-06,3,51.7000007629,51.2939376831
e5,3,MAE,2024,test,2023-10-04,2023-10-05,1,52.0000000000,51.4937286377
e5,3,MAE,2024,test,2023-10-04,2023-10-06,2,51.7000007629,51.5292434692
e5,3,MAE,2024,test,2023-10-04,2023-10-07,3,51.2999992371,52.0525856018
e5,3,MAE,2024,test,2023-10-05,2023-10-06,1,51.7000007629,51.7219886780
e5,3,MAE,2024,test,2023-10-05,2023-10-07,2,51.2999992371,51.9546470642
e5,3,MAE,2024,test,2023-10-05,2023-10-08,3,51.0999984741,50.9366760254
e5,3,MAE,2024,test,2023-10-06,2023-10-07,1,51.2999992371,51.6995201111
e5,3,MAE,2024,test,2023-10-06,2023-10-08,2,51.0999984741,50.6760940552
e5,3,MAE,2024,test,2023-10-06,2023-10-09,3,51.0999984741,50.1993904114
e5,3,MAE,2024,test,2023-10-07,2023-10-08,1,51.0999984741,50.9027481079
e5,3,MAE,2024,test,2023-10-07,2023-10-09,2,51.0999984741,50.4325294495
e5,3,MAE,2024,test,2023-10-07,2023-10-10,3,51.0000000000,50.0423927307
e5,3,MAE,2024,test,2023-10-08,2023-10-09,1,51.0999984741,50.5182838440
e5,3,MAE,2024,test,2023-10-08,2023-10-10,2,51.0000000000,49.9210662842
e5,3,MAE,2024,test,2023-10-08,2023-10-11,3,50.9000015259,49.8202781677
e5,3,MAE,2024,test,2023-10-09,2023-10-10,1,51.0000000000,50.1238327026
e5,3,MAE,2024,test,2023-10-09,2023-10-11,2,50.9000015259,50.1192855835
e5,3,MAE,2024,test,2023-10-09,2023-10-12,3,50.7000007629,50.5127296448
e5,3,MAE,2024,test,2023-10-10,2023-10-11,1,50.9000015259,50.1062164307
e5,3,MAE,2024,test,2023-10-10,2023-10-12,2,50.7000007629,50.7480735779
e5,3,MAE,2024,test,2023-10-10,2023-10-13,3,50.5000000000,51.4697837830
e5,3,MAE,2024,test,2023-10-11,2023-10-12,1,50.7000007629,50.2825965881
e5,3,MAE,2024,test,2023-10-11,2023-10-13,2,50.5000000000,50.6273918152
e5,3,MAE,2024,test,2023-10-11,2023-10-14,3,50.4000015259,50.4577178955
e5,3,MAE,2024,test,2023-10-12,2023-10-13,1,50.5000000000,50.1892547607
e5,3,MAE,2024,test,2023-10-12,2023-10-14,2,50.4000015259,49.9283447266
e5,3,MAE,2024,test,2023-10-12,2023-10-15,3,50.2000007629,49.9133567810
e5,3,MAE,2024,test,2023-10-13,2023-10-14,1,50.4000015259,49.7601089478
e5,3,MAE,2024,test,2023-10-13,2023-10-15,2,50.2000007629,49.7859649658
e5,3,MAE,2024,test,2023-10-13,2023-10-16,3,50.0000000000,49.8114051819
e5,3,MAE,2024,test,2023-10-14,2023-10-15,1,50.2000007629,49.8516426086
e5,3,MAE,2024,test,2023-10-14,2023-10-16,2,50.0000000000,49.8234100342
e5,3,MAE,2024,test,2023-10-14,2023-10-17,3,49.5999984741,49.3857307434
e5,3,MAE,2024,test,2023-10-15,2023-10-16,1,50.0000000000,49.5105476379
e5,3,MAE,2024,test,2023-10-15,2023-10-17,2,49.5999984741,49.0133209229
e5,3,MAE,2024,test,2023-10-15,2023-10-18,3,49.4000015259,48.5157203674
e5,3,MAE,2024,test,2023-10-16,2023-10-17,1,49.5999984741,49.4134140015
e5,3,MAE,2024,test,2023-10-16,2023-10-18,2,49.4000015259,48.9352684021
e5,3,MAE,2024,test,2023-10-16,2023-10-19,3,48.9000015259,48.4725608826
e5,3,MAE,2024,test,2023-10-17,2023-10-18,1,49.4000015259,48.7882347107
e5,3,MAE,2024,test,2023-10-17,2023-10-19,2,48.9000015259,48.2572059631
e5,3,MAE,2024,test,2023-10-17,2023-10-20,3,48.4000015259,48.6172637939
e5,3,MAE,2024,test,2023-10-18,2023-10-19,1,48.9000015259,48.3904151917
e5,3,MAE,2024,test,2023-10-18,2023-10-20,2,48.4000015259,48.9041023254
e5,3,MAE,2024,test,2023-10-18,2023-10-21,3,48.0999984741,48.7268257141
e5,3,MAE,2024,test,2023-10-19,2023-10-20,1,48.4000015259,48.5305290222
e5,3,MAE,2024,test,2023-10-19,2023-10-21,2,48.0999984741,48.4434814453
e5,3,MAE,2024,test,2023-10-19,2023-10-22,3,47.4000015259,48.2305183411
e5,3,MAE,2024,test,2023-10-20,2023-10-21,1,48.0999984741,47.9815483093
e5,3,MAE,2024,test,2023-10-20,2023-10-22,2,47.4000015259,47.7129096985
e5,3,MAE,2024,test,2023-10-20,2023-10-23,3,46.7000007629,48.0347251892
e5,3,MAE,2024,test,2023-10-21,2023-10-22,1,47.4000015259,47.8262977600
e5,3,MAE,2024,test,2023-10-21,2023-10-23,2,46.7000007629,47.8318176270
e5,3,MAE,2024,test,2023-10-21,2023-10-24,3,46.7999992371,47.4260253906
e5,3,MAE,2024,test,2023-10-22,2023-10-23,1,46.7000007629,47.4760055542
e5,3,MAE,2024,test,2023-10-22,2023-10-24,2,46.7999992371,46.7659721375
e5,3,MAE,2024,test,2023-10-22,2023-10-25,3,48.0999984741,47.1633644104
e5,3,MAE,2024,test,2023-10-23,2023-10-24,1,46.7999992371,46.3954429626
e5,3,MAE,2024,test,2023-10-23,2023-10-25,2,48.0999984741,46.7746315002
e5,3,MAE,2024,test,2023-10-23,2023-10-26,3,48.2999992371,46.4001007080
e5,3,MAE,2024,test,2023-10-24,2023-10-25,1,48.0999984741,46.5446701050
e5,3,MAE,2024,test,2023-10-24,2023-10-26,2,48.2999992371,45.8955650330
e5,3,MAE,2024,test,2023-10-24,2023-10-27,3,48.2000007629,46.8745193481
e5,3,MAE,2024,test,2023-10-25,2023-10-26,1,48.2999992371,47.2532196045
e5,3,MAE,2024,test,2023-10-25,2023-10-27,2,48.2000007629,47.9640235901
e5,3,MAE,2024,test,2023-10-25,2023-10-28,3,48.0000000000,47.6494522095
e5,3,MAE,2024,test,2023-10-26,2023-10-27,1,48.2000007629,48.0882568359
e5,3,MAE,2024,test,2023-10-26,2023-10-28,2,48.0000000000,47.8213195801
e5,3,MAE,2024,test,2023-10-26,2023-10-29,3,47.9000015259,48.1828842163
e5,3,MAE,2024,test,2023-10-27,2023-10-28,1,48.0000000000,47.9470558167
e5,3,MAE,2024,test,2023-10-27,2023-10-29,2,47.9000015259,48.1394996643
e5,3,MAE,2024,test,2023-10-27,2023-10-30,3,52.2000007629,50.0595779419
e5,3,MAE,2024,test,2023-10-28,2023-10-29,1,47.9000015259,48.2494659424
e5,3,MAE,2024,test,2023-10-28,2023-10-30,2,52.2000007629,49.7961692810
e5,3,MAE,2024,test,2023-10-28,2023-10-31,3,52.7000007629,47.9055519104
e5,3,MAE,2024,test,2023-10-29,2023-10-30,1,52.2000007629,50.3761444092
e5,3,MAE,2024,test,2023-10-29,2023-10-31,2,52.7000007629,48.0861282349
e5,3,MAE,2024,test,2023-10-29,2023-11-01,3,52.5000000000,46.5724525452
e5,3,MAE,2024,test,2023-10-30,2023-10-31,1,52.7000007629,52.4588165283
e5,3,MAE,2024,test,2023-10-30,2023-11-01,2,52.5000000000,50.9403800964
e5,3,MAE,2024,test,2023-10-30,2023-11-02,3,52.0000000000,50.7355117798
e5,3,MAE,2024,test,2023-10-31,2023-11-01,1,52.5000000000,51.8832817078
e5,3,MAE,2024,test,2023-10-31,2023-11-02,2,52.0000000000,51.7326927185
e5,3,MAE,2024,test,2023-10-31,2023-11-03,3,52.0999984741,52.8172492981
e5,3,MAE,2024,test,2023-11-01,2023-11-02,1,52.0000000000,51.8185272217
e5,3,MAE,2024,test,2023-11-01,2023-11-03,2,52.0999984741,52.8614311218
e5,3,MAE,2024,test,2023-11-01,2023-11-04,3,52.5000000000,51.8556632996
e5,3,MAE,2024,test,2023-11-02,2023-11-03,1,52.0999984741,52.4466171265
e5,3,MAE,2024,test,2023-11-02,2023-11-04,2,52.5000000000,51.3856582642
e5,3,MAE,2024,test,2023-11-02,2023-11-05,3,52.0999984741,51.1474952698
e5,3,MAE,2024,test,2023-11-03,2023-11-04,1,52.5000000000,51.7015457153
e5,3,MAE,2024,test,2023-11-03,2023-11-05,2,52.0999984741,51.4226341248
e5,3,MAE,2024,test,2023-11-03,2023-11-06,3,51.7000007629,50.9193000793
e5,3,MAE,2024,test,2023-11-04,2023-11-05,1,52.0999984741,52.2327117920
e5,3,MAE,2024,test,2023-11-04,2023-11-06,2,51.7000007629,51.5679550171
e5,3,MAE,2024,test,2023-11-04,2023-11-07,3,50.9000015259,51.2145385742
e5,3,MAE,2024,test,2023-11-05,2023-11-06,1,51.7000007629,51.2285308838
e5,3,MAE,2024,test,2023-11-05,2023-11-07,2,50.9000015259,50.8802795410
e5,3,MAE,2024,test,2023-11-05,2023-11-08,3,50.4000015259,50.6675872803
e5,3,MAE,2024,test,2023-11-06,2023-11-07,1,50.9000015259,50.9543762207
e5,3,MAE,2024,test,2023-11-06,2023-11-08,2,50.4000015259,50.7068901062
e5,3,MAE,2024,test,2023-11-06,2023-11-09,3,49.7999992371,51.1581459045
e5,3,MAE,2024,test,2023-11-07,2023-11-08,1,50.4000015259,50.0578117371
e5,3,MAE,2024,test,2023-11-07,2023-11-09,2,49.7999992371,50.4474945068
e5,3,MAE,2024,test,2023-11-07,2023-11-10,3,49.5999984741,50.1348876953
e5,3,MAE,2024,test,2023-11-08,2023-11-09,1,49.7999992371,49.7738761902
e5,3,MAE,2024,test,2023-11-08,2023-11-10,2,49.5999984741,49.3483428955
e5,3,MAE,2024,test,2023-11-08,2023-11-11,3,49.2000007629,49.3677520752
e5,3,MAE,2024,test,2023-11-09,2023-11-10,1,49.5999984741,49.0790863037
e5,3,MAE,2024,test,2023-11-09,2023-11-11,2,49.2000007629,48.9998168945
e5,3,MAE,2024,test,2023-11-09,2023-11-12,3,48.9000015259,48.2517700195
e5,3,MAE,2024,test,2023-11-10,2023-11-11,1,49.2000007629,49.1334419250
e5,3,MAE,2024,test,2023-11-10,2023-11-12,2,48.9000015259,48.3512725830
e5,3,MAE,2024,test,2023-11-10,2023-11-13,3,48.2999992371,48.6616134644
e5,3,MAE,2024,test,2023-11-11,2023-11-12,1,48.9000015259,48.1001548767
e5,3,MAE,2024,test,2023-11-11,2023-11-13,2,48.2999992371,48.2134361267
e5,3,MAE,2024,test,2023-11-11,2023-11-14,3,48.2000007629,48.7317657471
e5,3,MAE,2024,test,2023-11-12,2023-11-13,1,48.2999992371,48.1082916260
e5,3,MAE,2024,test,2023-11-12,2023-11-14,2,48.2000007629,48.7297821045
e5,3,MAE,2024,test,2023-11-12,2023-11-15,3,48.4000015259,47.7241363525
e5,3,MAE,2024,test,2023-11-13,2023-11-14,1,48.2000007629,48.5449638367
e5,3,MAE,2024,test,2023-11-13,2023-11-15,2,48.4000015259,47.5219917297
e5,3,MAE,2024,test,2023-11-13,2023-11-16,3,48.4000015259,46.9560394287
e5,3,MAE,2024,test,2023-11-14,2023-11-15,1,48.4000015259,47.8260765076
e5,3,MAE,2024,test,2023-11-14,2023-11-16,2,48.4000015259,47.2728080750
e5,3,MAE,2024,test,2023-11-14,2023-11-17,3,48.0000000000,47.1114006042
e5,3,MAE,2024,test,2023-11-15,2023-11-16,1,48.4000015259,47.4925079346
e5,3,MAE,2024,test,2023-11-15,2023-11-17,2,48.0000000000,47.4174613953
e5,3,MAE,2024,test,2023-11-15,2023-11-18,3,47.7000007629,48.0080757141
e5,3,MAE,2024,test,2023-11-16,2023-11-17,1,48.0000000000,47.8490982056
e5,3,MAE,2024,test,2023-11-16,2023-11-18,2,47.7000007629,48.4483985901
e5,3,MAE,2024,test,2023-11-16,2023-11-19,3,50.7999992371,49.2076492310
e5,3,MAE,2024,test,2023-11-17,2023-11-18,1,47.7000007629,48.0510444641
e5,3,MAE,2024,test,2023-11-17,2023-11-19,2,50.7999992371,48.5060958862
e5,3,MAE,2024,test,2023-11-17,2023-11-20,3,51.9000015259,48.0309181213
e5,3,MAE,2024,test,2023-11-18,2023-11-19,1,50.7999992371,47.7862739563
e5,3,MAE,2024,test,2023-11-18,2023-11-20,2,51.9000015259,47.1068420410
e5,3,MAE,2024,test,2023-11-18,2023-11-21,3,51.5999984741,47.8814811707
e5,3,MAE,2024,test,2023-11-19,2023-11-20,1,51.9000015259,50.2871055603
e5,3,MAE,2024,test,2023-11-19,2023-11-21,2,51.5999984741,50.8485565186
e5,3,MAE,2024,test,2023-11-19,2023-11-22,3,50.9000015259,50.8804931641
e5,3,MAE,2024,test,2023-11-20,2023-11-21,1,51.5999984741,51.4122352600
e5,3,MAE,2024,test,2023-11-20,2023-11-22,2,50.9000015259,51.0682601929
e5,3,MAE,2024,test,2023-11-20,2023-11-23,3,49.9000015259,50.5228996277
e5,3,MAE,2024,test,2023-11-21,2023-11-22,1,50.9000015259,50.7461090088
e5,3,MAE,2024,test,2023-11-21,2023-11-23,2,49.9000015259,50.1990432739
e5,3,MAE,2024,test,2023-11-21,2023-11-24,3,49.2999992371,50.0200119019
e5,3,MAE,2024,test,2023-11-22,2023-11-23,1,49.9000015259,49.8782730103
e5,3,MAE,2024,test,2023-11-22,2023-11-24,2,49.2999992371,49.6957626343
e5,3,MAE,2024,test,2023-11-22,2023-11-25,3,48.7000007629,48.9598274231
e5,3,MAE,2024,test,2023-11-23,2023-11-24,1,49.2999992371,49.0638618469
e5,3,MAE,2024,test,2023-11-23,2023-11-25,2,48.7000007629,48.5424728394
e5,3,MAE,2024,test,2023-11-23,2023-11-26,3,48.0000000000,48.5462875366
e5,3,MAE,2024,test,2023-11-24,2023-11-25,1,48.7000007629,48.2853584290
e5,3,MAE,2024,test,2023-11-24,2023-11-26,2,48.0000000000,48.1024971008
e5,3,MAE,2024,test,2023-11-24,2023-11-27,3,47.0999984741,47.8775672913
e5,3,MAE,2024,test,2023-11-25,2023-11-26,1,48.0000000000,47.7777900696
e5,3,MAE,2024,test,2023-11-25,2023-11-27,2,47.0999984741,47.4825096130
e5,3,MAE,2024,test,2023-11-25,2023-11-28,3,46.0999984741,47.2827529907
e5,3,MAE,2024,test,2023-11-26,2023-11-27,1,47.0999984741,47.1688728333
e5,3,MAE,2024,test,2023-11-26,2023-11-28,2,46.0999984741,46.9742889404
e5,3,MAE,2024,test,2023-11-26,2023-11-29,3,45.7000007629,46.6323776245
e5,3,MAE,2024,test,2023-11-27,2023-11-28,1,46.0999984741,46.5545883179
e5,3,MAE,2024,test,2023-11-27,2023-11-29,2,45.7000007629,46.1853790283
e5,3,MAE,2024,test,2023-11-27,2023-11-30,3,44.7000007629,46.0610580444
e5,3,MAE,2024,test,2023-11-28,2023-11-29,1,45.7000007629,45.2874298096
e5,3,MAE,2024,test,2023-11-28,2023-11-30,2,44.7000007629,45.0993995667
e5,3,MAE,2024,test,2023-11-28,2023-12-01,3,44.0999984741,45.1294746399
e5,3,MAE,2024,test,2023-11-29,2023-11-30,1,44.7000007629,45.1844596863
e5,3,MAE,2024,test,2023-11-29,2023-12-01,2,44.0999984741,45.1310958862
e5,3,MAE,2024,test,2023-11-29,2023-12-02,3,44.0000000000,44.7801780701
e5,3,MAE,2024,test,2023-11-30,2023-12-01,1,44.0999984741,44.2627830505
e5,3,MAE,2024,test,2023-11-30,2023-12-02,2,44.0000000000,43.6854362488
e5,3,MAE,2024,test,2023-11-30,2023-12-03,3,41.5000000000,43.3610229492
e5,3,MAE,2024,test,2023-12-01,2023-12-02,1,44.0000000000,43.3804054260
e5,3,MAE,2024,test,2023-12-01,2023-12-03,2,41.5000000000,43.0841636658
e5,3,MAE,2024,test,2023-12-01,2023-12-04,3,43.2999992371,43.0280303955
e5,3,MAE,2024,test,2023-12-02,2023-12-03,1,41.5000000000,43.5865173340
e5,3,MAE,2024,test,2023-12-02,2023-12-04,2,43.2999992371,43.5094261169
e5,3,MAE,2024,test,2023-12-02,2023-12-05,3,47.9000015259,44.3267936707
e5,3,MAE,2024,test,2023-12-03,2023-12-04,1,43.2999992371,40.8567314148
e5,3,MAE,2024,test,2023-12-03,2023-12-05,2,47.9000015259,41.6453437805
e5,3,MAE,2024,test,2023-12-03,2023-12-06,3,51.9000015259,41.1310729980
e5,3,MAE,2024,test,2023-12-04,2023-12-05,1,47.9000015259,43.5186347961
e5,3,MAE,2024,test,2023-12-04,2023-12-06,2,51.9000015259,42.9412002563
e5,3,MAE,2024,test,2023-12-04,2023-12-07,3,51.0000000000,42.8624191284
e5,3,MAE,2024,test,2023-12-05,2023-12-06,1,51.9000015259,47.2951927185
e5,3,MAE,2024,test,2023-12-05,2023-12-07,2,51.0000000000,47.2490615845
e5,3,MAE,2024,test,2023-12-05,2023-12-08,3,49.7000007629,46.9556961060
e5,3,MAE,2024,test,2023-12-06,2023-12-07,1,51.0000000000,51.3988227844
e5,3,MAE,2024,test,2023-12-06,2023-12-08,2,49.7000007629,50.9166793823
e5,3,MAE,2024,test,2023-12-06,2023-12-09,3,48.5000000000,50.5641326904
e5,3,MAE,2024,test,2023-12-07,2023-12-08,1,49.7000007629,50.0984115601
e5,3,MAE,2024,test,2023-12-07,2023-12-09,2,48.5000000000,49.7557334900
e5,3,MAE,2024,test,2023-12-07,2023-12-10,3,48.4000015259,49.2965049744
e5,3,MAE,2024,test,2023-12-08,2023-12-09,1,48.5000000000,49.0631217957
e5,3,MAE,2024,test,2023-12-08,2023-12-10,2,48.4000015259,48.7632637024
e5,3,MAE,2024,test,2023-12-08,2023-12-11,3,48.7999992371,48.8718070984
e5,3,MAE,2024,test,2023-12-09,2023-12-10,1,48.4000015259,47.6185607910
e5,3,MAE,2024,test,2023-12-09,2023-12-11,2,48.7999992371,47.6497268677
e5,3,MAE,2024,test,2023-12-09,2023-12-12,3,46.9000015259,47.7771339417
e5,3,MAE,2024,test,2023-12-10,2023-12-11,1,48.7999992371,47.4808425903
e5,3,MAE,2024,test,2023-12-10,2023-12-12,2,46.9000015259,47.4959602356
e5,3,MAE,2024,test,2023-12-10,2023-12-13,3,44.5000000000,47.0600090027
e5,3,MAE,2024,test,2023-12-11,2023-12-12,1,46.9000015259,48.1366577148
e5,3,MAE,2024,test,2023-12-11,2023-12-13,2,44.5000000000,47.5808143616
e5,3,MAE,2024,test,2023-12-11,2023-12-14,3,44.0999984741,47.7072105408
e5,3,MAE,2024,test,2023-12-12,2023-12-13,1,44.5000000000,46.0276527405
e5,3,MAE,2024,test,2023-12-12,2023-12-14,2,44.0999984741,46.4334602356
e5,3,MAE,2024,test,2023-12-12,2023-12-15,3,43.0999984741,46.6137390137
e5,3,MAE,2024,test,2023-12-13,2023-12-14,1,44.0999984741,43.9484825134
e5,3,MAE,2024,test,2023-12-13,2023-12-15,2,43.0999984741,43.7431373596
e5,3,MAE,2024,test,2023-12-13,2023-12-16,3,40.7000007629,42.9236373901
e5,3,MAE,2024,test,2023-12-14,2023-12-15,1,43.0999984741,43.5763587952
e5,3,MAE,2024,test,2023-12-14,2023-12-16,2,40.7000007629,42.8813629150
e5,3,MAE,2024,test,2023-12-14,2023-12-17,3,38.7000007629,42.8503417969
e5,3,MAE,2024,test,2023-12-15,2023-12-16,1,40.7000007629,42.6657676697
e5,3,MAE,2024,test,2023-12-15,2023-12-17,2,38.7000007629,42.6812400818
e5,3,MAE,2024,test,2023-12-15,2023-12-18,3,36.5000000000,42.4071960449
e5,3,MAE,2024,test,2023-12-16,2023-12-17,1,38.7000007629,39.8445625305
e5,3,MAE,2024,test,2023-12-16,2023-12-18,2,36.5000000000,39.5154876709
e5,3,MAE,2024,test,2023-12-16,2023-12-19,3,35.2999992371,38.9300079346
e5,3,MAE,2024,test,2023-12-17,2023-12-18,1,36.5000000000,38.4000892639
e5,3,MAE,2024,test,2023-12-17,2023-12-19,2,35.2999992371,37.7157402039
e5,3,MAE,2024,test,2023-12-17,2023-12-20,3,34.5000000000,37.1078796387
e5,3,MAE,2024,test,2023-12-18,2023-12-19,1,35.2999992371,35.9027099609
e5,3,MAE,2024,test,2023-12-18,2023-12-20,2,34.5000000000,35.4041137695
e5,3,MAE,2024,test,2023-12-18,2023-12-21,3,33.0999984741,35.7787132263
e5,3,MAE,2024,test,2023-12-19,2023-12-20,1,34.5000000000,34.1744575500
e5,3,MAE,2024,test,2023-12-19,2023-12-21,2,33.0999984741,34.4920349121
e5,3,MAE,2024,test,2023-12-19,2023-12-22,3,31.8999996185,34.5147552490
e5,3,MAE,2024,test,2023-12-20,2023-12-21,1,33.0999984741,34.1121711731
e5,3,MAE,2024,test,2023-12-20,2023-12-22,2,31.8999996185,34.0478096008
e5,3,MAE,2024,test,2023-12-20,2023-12-23,3,33.0000000000,33.6868019104
e5,3,MAE,2024,test,2023-12-21,2023-12-22,1,31.8999996185,32.9210700989
e5,3,MAE,2024,test,2023-12-21,2023-12-23,2,33.0000000000,32.4034309387
e5,3,MAE,2024,test,2023-12-21,2023-12-24,3,32.0999984741,32.6573066711
e5,3,MAE,2024,test,2023-12-22,2023-12-23,1,33.0000000000,31.4219989777
e5,3,MAE,2024,test,2023-12-22,2023-12-24,2,32.0999984741,31.4552516937
e5,3,MAE,2024,test,2023-12-22,2023-12-25,3,35.0000000000,32.5418815613
e5,3,MAE,2024,test,2023-12-23,2023-12-24,1,32.0999984741,32.7364425659
e5,3,MAE,2024,test,2023-12-23,2023-12-25,2,35.0000000000,33.7706718445
e5,3,MAE,2024,test,2023-12-23,2023-12-26,3,43.9000015259,33.0277976990
e5,3,MAE,2024,test,2023-12-24,2023-12-25,1,35.0000000000,32.8279838562
e5,3,MAE,2024,test,2023-12-24,2023-12-26,2,43.9000015259,32.0573310852
e5,3,MAE,2024,test,2023-12-24,2023-12-27,3,43.5000000000,31.2756023407
e5,3,MAE,2024,test,2023-12-25,2023-12-26,1,43.9000015259,34.9315681458
e5,3,MAE,2024,test,2023-12-25,2023-12-27,2,43.5000000000,34.0092048645
e5,3,MAE,2024,test,2023-12-25,2023-12-28,3,42.5999984741,33.6927032471
e5,3,MAE,2024,test,2023-12-26,2023-12-27,1,43.5000000000,43.4058685303
e5,3,MAE,2024,test,2023-12-26,2023-12-28,2,42.5999984741,42.9741401672
e5,3,MAE,2024,test,2023-12-26,2023-12-29,3,46.5000000000,45.0645103455
e5,3,MAE,2024,test,2023-12-27,2023-12-28,1,42.5999984741,43.1064071655
e5,3,MAE,2024,test,2023-12-27,2023-12-29,2,46.5000000000,45.8882026672
e5,3,MAE,2024,test,2023-12-27,2023-12-30,3,51.4000015259,43.3014297485
e5,3,MAE,2024,test,2023-12-28,2023-12-29,1,46.5000000000,44.6784667969
e5,3,MAE,2024,test,2023-12-28,2023-12-30,2,51.4000015259,42.4060516357
e5,3,MAE,2024,test,2023-12-28,2023-12-31,3,50.4000015259,44.5037689209
e5,3,MAE,2024,test,2023-12-29,2023-12-30,1,51.4000015259,46.2336006165
e5,3,MAE,2024,test,2023-12-29,2023-12-31,2,50.4000015259,47.9710121155
e5,3,MAE,2024,test,2023-12-29,2024-01-01,3,51.5000000000,45.8830413818
e5,3,MAE,2024,test,2023-12-30,2023-12-31,1,50.4000015259,52.9301719666
e5,3,MAE,2024,test,2023-12-30,2024-01-01,2,51.5000000000,51.0772018433
e5,3,MAE,2024,test,2023-12-30,2024-01-02,3,50.2000007629,51.2345581055
e5,3,MAE,2024,test,2023-12-31,2024-01-01,1,51.5000000000,49.9179725647
e5,3,MAE,2024,test,2023-12-31,2024-01-02,2,50.2000007629,49.6572647095
e5,3,MAE,2024,test,2023-12-31,2024-01-03,3,49.0000000000,48.5566711426
e5,3,MAE,2024,test,2024-01-01,2024-01-02,1,50.2000007629,51.3219833374
e5,3,MAE,2024,test,2024-01-01,2024-01-03,2,49.0000000000,50.2431716919
e5,3,MAE,2024,test,2024-01-01,2024-01-04,3,48.0000000000,49.9357566833
e5,3,MAE,2024,test,2024-01-02,2024-01-03,1,49.0000000000,49.4243545532
e5,3,MAE,2024,test,2024-01-02,2024-01-04,2,48.0000000000,49.4132308960
e5,3,MAE,2024,test,2024-01-02,2024-01-05,3,47.5000000000,49.8836593628
e5,3,MAE,2024,test,2024-01-03,2024-01-04,1,48.0000000000,48.2739791870
e5,3,MAE,2024,test,2024-01-03,2024-01-05,2,47.5000000000,48.4204597473
e5,3,MAE,2024,test,2024-01-03,2024-01-06,3,48.5000000000,48.0174255371
e5,3,MAE,2024,test,2024-01-04,2024-01-05,1,47.5000000000,47.5983924866
e5,3,MAE,2024,test,2024-01-04,2024-01-06,2,48.5000000000,47.3388175964
e5,3,MAE,2024,test,2024-01-04,2024-01-07,3,49.0000000000,46.9192543030
e5,3,MAE,2024,test,2024-01-05,2024-01-06,1,48.5000000000,47.0296821594
e5,3,MAE,2024,test,2024-01-05,2024-01-07,2,49.0000000000,46.2840385437
e5,3,MAE,2024,test,2024-01-05,2024-01-08,3,47.7999992371,45.9504470825
e5,3,MAE,2024,test,2024-01-06,2024-01-07,1,49.0000000000,47.6127624512
e5,3,MAE,2024,test,2024-01-06,2024-01-08,2,47.7999992371,47.1544494629
e5,3,MAE,2024,test,2024-01-06,2024-01-09,3,46.5000000000,47.1169509888
e5,3,MAE,2024,test,2024-01-07,2024-01-08,1,47.7999992371,48.0707740784
e5,3,MAE,2024,test,2024-01-07,2024-01-09,2,46.5000000000,48.0307884216
e5,3,MAE,2024,test,2024-01-07,2024-01-10,3,45.0000000000,48.5355720520
e5,3,MAE,2024,test,2024-01-08,2024-01-09,1,46.5000000000,46.7207069397
e5,3,MAE,2024,test,2024-01-08,2024-01-10,2,45.0000000000,47.0923957825
e5,3,MAE,2024,test,2024-01-08,2024-01-11,3,44.4000015259,47.3062858582
e5,3,MAE,2024,test,2024-01-09,2024-01-10,1,45.0000000000,45.5182723999
e5,3,MAE,2024,test,2024-01-09,2024-01-11,2,44.4000015259,45.3794593811
e5,3,MAE,2024,test,2024-01-09,2024-01-12,3,41.4000015259,45.3846664429
e5,3,MAE,2024,test,2024-01-10,2024-01-11,1,44.4000015259,44.3510704041
e5,3,MAE,2024,test,2024-01-10,2024-01-12,2,41.4000015259,44.4348487854
e5,3,MAE,2024,test,2024-01-10,2024-01-13,3,39.0999984741,44.1403656006
e5,3,MAE,2024,test,2024-01-11,2024-01-12,1,41.4000015259,43.7105751038
e5,3,MAE,2024,test,2024-01-11,2024-01-13,2,39.0999984741,43.2273712158
e5,3,MAE,2024,test,2024-01-11,2024-01-14,3,36.5999984741,42.5955505371
e5,3,MAE,2024,test,2024-01-12,2024-01-13,1,39.0999984741,40.4783668518
e5,3,MAE,2024,test,2024-01-12,2024-01-14,2,36.5999984741,39.9094810486
e5,3,MAE,2024,test,2024-01-12,2024-01-15,3,39.9000015259,40.9086189270
e5,3,MAE,2024,test,2024-01-13,2024-01-14,1,36.5999984741,38.3489265442
e5,3,MAE,2024,test,2024-01-13,2024-01-15,2,39.9000015259,39.4673576355
e5,3,MAE,2024,test,2024-01-13,2024-01-16,3,48.0999984741,38.0537605286
e5,3,MAE,2024,test,2024-01-14,2024-01-15,1,39.9000015259,37.2978858948
e5,3,MAE,2024,test,2024-01-14,2024-01-16,2,48.0999984741,35.6672248840
e5,3,MAE,2024,test,2024-01-14,2024-01-17,3,46.4000015259,35.6330223083
e5,3,MAE,2024,test,2024-01-15,2024-01-16,1,48.0999984741,39.2502059937
e5,3,MAE,2024,test,2024-01-15,2024-01-17,2,46.4000015259,39.2000579834
e5,3,MAE,2024,test,2024-01-15,2024-01-18,3,45.2999992371,38.8542366028
e5,3,MAE,2024,test,2024-01-16,2024-01-17,1,46.4000015259,47.4309387207
e5,3,MAE,2024,test,2024-01-16,2024-01-18,2,45.2999992371,47.0552368164
e5,3,MAE,2024,test,2024-01-16,2024-01-19,3,46.2999992371,47.2725830078
e5,3,MAE,2024,test,2024-01-17,2024-01-18,1,45.2999992371,45.6656913757
e5,3,MAE,2024,test,2024-01-17,2024-01-19,2,46.2999992371,45.9499206543
e5,3,MAE,2024,test,2024-01-17,2024-01-20,3,47.5000000000,45.1543464661
e5,3,MAE,2024,test,2024-01-18,2024-01-19,1,46.2999992371,45.2085418701
e5,3,MAE,2024,test,2024-01-18,2024-01-20,2,47.5000000000,44.4397392273
e5,3,MAE,2024,test,2024-01-18,2024-01-21,3,45.4000015259,44.5528297424
e5,3,MAE,2024,test,2024-01-19,2024-01-20,1,47.5000000000,45.8536224365
e5,3,MAE,2024,test,2024-01-19,2024-01-21,2,45.4000015259,45.8694610596
e5,3,MAE,2024,test,2024-01-19,2024-01-22,3,45.4000015259,45.8329734802
e5,3,MAE,2024,test,2024-01-20,2024-01-21,1,45.4000015259,47.0249214172
e5,3,MAE,2024,test,2024-01-20,2024-01-22,2,45.4000015259,46.6990852356
e5,3,MAE,2024,test,2024-01-20,2024-01-23,3,45.0000000000,46.2117462158
e5,3,MAE,2024,test,2024-01-21,2024-01-22,1,45.4000015259,45.0919456482
e5,3,MAE,2024,test,2024-01-21,2024-01-23,2,45.0000000000,44.5701942444
e5,3,MAE,2024,test,2024-01-21,2024-01-24,3,41.2999992371,43.8429908752
e5,3,MAE,2024,test,2024-01-22,2024-01-23,1,45.0000000000,44.8135681152
e5,3,MAE,2024,test,2024-01-22,2024-01-24,2,41.2999992371,44.1468200684
e5,3,MAE,2024,test,2024-01-22,2024-01-25,3,38.7999992371,44.0294837952
e5,3,MAE,2024,test,2024-01-23,2024-01-24,1,41.2999992371,44.2295417786
e5,3,MAE,2024,test,2024-01-23,2024-01-25,2,38.7999992371,44.1609611511
e5,3,MAE,2024,test,2024-01-23,2024-01-26,3,36.5000000000,43.8815574646
e5,3,MAE,2024,test,2024-01-24,2024-01-25,1,38.7999992371,40.6626281738
e5,3,MAE,2024,test,2024-01-24,2024-01-26,2,36.5000000000,40.1711807251
e5,3,MAE,2024,test,2024-01-24,2024-01-27,3,34.5000000000,40.0453720093
e5,3,MAE,2024,test,2024-01-25,2024-01-26,1,36.5000000000,38.1291580200
e5,3,MAE,2024,test,2024-01-25,2024-01-27,2,34.5000000000,38.1675224304
e5,3,MAE,2024,test,2024-01-25,2024-01-28,3,37.5999984741,39.2356643677
e5,3,MAE,2024,test,2024-01-26,2024-01-27,1,34.5000000000,36.2135963440
e5,3,MAE,2024,test,2024-01-26,2024-01-28,2,37.5999984741,37.1484947205
e5,3,MAE,2024,test,2024-01-26,2024-01-29,3,46.4000015259,35.6316375732
e5,3,MAE,2024,test,2024-01-27,2024-01-28,1,37.5999984741,35.5972900391
e5,3,MAE,2024,test,2024-01-27,2024-01-29,2,46.4000015259,33.7774772644
e5,3,MAE,2024,test,2024-01-27,2024-01-30,3,44.5000000000,33.7286643982
e5,3,MAE,2024,test,2024-01-28,2024-01-29,1,46.4000015259,36.9294624329
e5,3,MAE,2024,test,2024-01-28,2024-01-30,2,44.5000000000,36.9290657043
e5,3,MAE,2024,test,2024-01-28,2024-01-31,3,42.5999984741,36.4047088623
e5,3,MAE,2024,test,2024-01-29,2024-01-30,1,44.5000000000,45.8579673767
e5,3,MAE,2024,test,2024-01-29,2024-01-31,2,42.5999984741,45.2462959290
e5,3,MAE,2024,test,2024-01-29,2024-02-01,3,40.5999984741,44.9929962158
e5,3,MAE,2024,test,2024-01-30,2024-01-31,1,42.5999984741,43.7550430298
e5,3,MAE,2024,test,2024-01-30,2024-02-01,2,40.5999984741,43.5818634033
e5,3,MAE,2024,test,2024-01-30,2024-02-02,3,38.5999984741,43.7043418884
e5,3,MAE,2024,test,2024-01-31,2024-02-01,1,40.5999984741,41.7402877808
e5,3,MAE,2024,test,2024-01-31,2024-02-02,2,38.5999984741,41.6809310913
e5,3,MAE,2024,test,2024-01-31,2024-02-03,3,46.0000000000,42.3954391479
e5,3,MAE,2024,test,2024-02-01,2024-02-02,1,38.5999984741,40.2738914490
e5,3,MAE,2024,test,2024-02-01,2024-02-03,2,46.0000000000,40.9940719604
e5,3,MAE,2024,test,2024-02-01,2024-02-04,3,45.7000007629,41.2069320679
e5,3,MAE,2024,test,2024-02-02,2024-02-03,1,46.0000000000,39.0115509033
e5,3,MAE,2024,test,2024-02-02,2024-02-04,2,45.7000007629,38.5510025024
e5,3,MAE,2024,test,2024-02-02,2024-02-05,3,44.5000000000,38.6344757080
e5,3,MAE,2024,test,2024-02-03,2024-02-04,1,45.7000007629,45.2955322266
e5,3,MAE,2024,test,2024-02-03,2024-02-05,2,44.5000000000,44.8864212036
e5,3,MAE,2024,test,2024-02-03,2024-02-06,3,42.7999992371,44.4820365906
e5,3,MAE,2024,test,2024-02-04,2024-02-05,1,44.5000000000,45.0412101746
e5,3,MAE,2024,test,2024-02-04,2024-02-06,2,42.7999992371,44.6635704041
e5,3,MAE,2024,test,2024-02-04,2024-02-07,3,40.7000007629,44.0307502747
e5,3,MAE,2024,test,2024-02-05,2024-02-06,1,42.7999992371,43.8663711548
e5,3,MAE,2024,test,2024-02-05,2024-02-07,2,40.7000007629,43.2595901489
e5,3,MAE,2024,test,2024-02-05,2024-02-08,3,38.4000015259,43.0482940674
e5,3,MAE,2024,test,2024-02-06,2024-02-07,1,40.7000007629,41.7307929993
e5,3,MAE,2024,test,2024-02-06,2024-02-08,2,38.4000015259,42.0833206177
e5,3,MAE,2024,test,2024-02-06,2024-02-09,3,36.2999992371,41.7741699219
e5,3,MAE,2024,test,2024-02-07,2024-02-08,1,38.4000015259,39.9234123230
e5,3,MAE,2024,test,2024-02-07,2024-02-09,2,36.2999992371,39.6569480896
e5,3,MAE,2024,test,2024-02-07,2024-02-10,3,35.0000000000,39.1703948975
e5,3,MAE,2024,test,2024-02-08,2024-02-09,1,36.2999992371,37.9203414917
e5,3,MAE,2024,test,2024-02-08,2024-02-10,2,35.0000000000,38.1477432251
e5,3,MAE,2024,test,2024-02-08,2024-02-11,3,33.5000000000,37.3810119629
e5,3,MAE,2024,test,2024-02-09,2024-02-10,1,35.0000000000,36.3204002380
e5,3,MAE,2024,test,2024-02-09,2024-02-11,2,33.5000000000,35.0912170410
e5,3,MAE,2024,test,2024-02-09,2024-02-12,3,31.7000007629,34.9613494873
e5,3,MAE,2024,test,2024-02-10,2024-02-11,1,33.5000000000,34.3580551147
e5,3,MAE,2024,test,2024-02-10,2024-02-12,2,31.7000007629,34.1453666687
e5,3,MAE,2024,test,2024-02-10,2024-02-13,3,30.3999996185,33.7425994873
e5,3,MAE,2024,test,2024-02-11,2024-02-12,1,31.7000007629,32.8873176575
e5,3,MAE,2024,test,2024-02-11,2024-02-13,2,30.3999996185,32.4908065796
e5,3,MAE,2024,test,2024-02-11,2024-02-14,3,29.0000000000,32.7886390686
e5,3,MAE,2024,test,2024-02-12,2024-02-13,1,30.3999996185,31.0783901215
e5,3,MAE,2024,test,2024-02-12,2024-02-14,2,29.0000000000,31.2032203674
e5,3,MAE,2024,test,2024-02-12,2024-02-15,3,27.5000000000,31.1756572723
e5,3,MAE,2024,test,2024-02-13,2024-02-14,1,29.0000000000,30.1456394196
e5,3,MAE,2024,test,2024-02-13,2024-02-15,2,27.5000000000,29.6256942749
e5,3,MAE,2024,test,2024-02-13,2024-02-16,3,26.3999996185,29.4405612946
e5,3,MAE,2024,test,2024-02-14,2024-02-15,1,27.5000000000,28.4563484192
e5,3,MAE,2024,test,2024-02-14,2024-02-16,2,26.3999996185,28.2275543213
e5,3,MAE,2024,test,2024-02-14,2024-02-17,3,25.2999992371,28.1319332123
e5,3,MAE,2024,test,2024-02-15,2024-02-16,1,26.3999996185,26.8775424957
e5,3,MAE,2024,test,2024-02-15,2024-02-17,2,25.2999992371,26.5910911560
e5,3,MAE,2024,test,2024-02-15,2024-02-18,3,24.2000007629,26.1755275726
e5,3,MAE,2024,test,2024-02-16,2024-02-17,1,25.2999992371,25.9603652954
e5,3,MAE,2024,test,2024-02-16,2024-02-18,2,24.2000007629,25.4304656982
e5,3,MAE,2024,test,2024-02-16,2024-02-19,3,23.3999996185,24.9581565857
e5,3,MAE,2024,test,2024-02-17,2024-02-18,1,24.2000007629,24.7878074646
e5,3,MAE,2024,test,2024-02-17,2024-02-19,2,23.3999996185,24.3976440430
e5,3,MAE,2024,test,2024-02-17,2024-02-20,3,22.6000003815,24.2376422882
e5,3,MAE,2024,test,2024-02-18,2024-02-19,1,23.3999996185,23.6452369690
e5,3,MAE,2024,test,2024-02-18,2024-02-20,2,22.6000003815,23.4218692780
e5,3,MAE,2024,test,2024-02-18,2024-02-21,3,21.7000007629,23.3609695435
e5,3,MAE,2024,test,2024-02-19,2024-02-20,1,22.6000003815,22.7892627716
e5,3,MAE,2024,test,2024-02-19,2024-02-21,2,21.7000007629,22.7203617096
e5,3,MAE,2024,test,2024-02-19,2024-02-22,3,21.0000000000,22.9738712311
e5,3,MAE,2024,test,2024-02-20,2024-02-21,1,21.7000007629,22.0410900116
e5,3,MAE,2024,test,2024-02-20,2024-02-22,2,21.0000000000,22.0953121185
e5,3,MAE,2024,test,2024-02-20,2024-02-23,3,20.5000000000,22.0053482056
e5,3,MAE,2024,test,2024-02-21,2024-02-22,1,21.0000000000,21.3746681213
e5,3,MAE,2024,test,2024-02-21,2024-02-23,2,20.5000000000,21.0754280090
e5,3,MAE,2024,test,2024-02-21,2024-02-24,3,19.8999996185,20.7882041931
e5,3,MAE,2024,test,2024-02-22,2024-02-23,1,20.5000000000,20.4894142151
e5,3,MAE,2024,test,2024-02-22,2024-02-24,2,19.8999996185,20.1340179443
e5,3,MAE,2024,test,2024-02-22,2024-02-25,3,21.5000000000,21.5707073212
e5,3,MAE,2024,test,2024-02-23,2024-02-24,1,19.8999996185,20.1531047821
e5,3,MAE,2024,test,2024-02-23,2024-02-25,2,21.5000000000,21.2283344269
e5,3,MAE,2024,test,2024-02-23,2024-02-26,3,30.0000000000,20.4239788055
e5,3,MAE,2024,test,2024-02-24,2024-02-25,1,21.5000000000,20.5257434845
e5,3,MAE,2024,test,2024-02-24,2024-02-26,2,30.0000000000,19.3802528381
e5,3,MAE,2024,test,2024-02-24,2024-02-27,3,31.5000000000,19.1636180878
e5,3,MAE,2024,test,2024-02-25,2024-02-26,1,30.0000000000,21.5631752014
e5,3,MAE,2024,test,2024-02-25,2024-02-27,2,31.5000000000,21.5151252747
e5,3,MAE,2024,test,2024-02-25,2024-02-28,3,31.6000003815,21.9479351044
e5,3,MAE,2024,test,2024-02-26,2024-02-27,1,31.5000000000,29.6046524048
e5,3,MAE,2024,test,2024-02-26,2024-02-28,2,31.6000003815,29.8695449829
e5,3,MAE,2024,test,2024-02-26,2024-02-29,3,31.7999992371,29.8529205322
e5,3,MAE,2024,test,2024-02-27,2024-02-28,1,31.6000003815,31.5718460083
e5,3,MAE,2024,test,2024-02-27,2024-02-29,2,31.7999992371,31.2330589294
e5,3,MAE,2024,test,2024-02-27,2024-03-01,3,30.3999996185,31.2412586212
e5,3,MAE,2024,test,2024-02-28,2024-02-29,1,31.7999992371,31.3311328888
e5,3,MAE,2024,test,2024-02-28,2024-03-01,2,30.3999996185,31.2109680176
e5,3,MAE,2024,test,2024-02-28,2024-03-02,3,28.8999996185,31.1650543213
e5,3,MAE,2024,test,2024-02-29,2024-03-01,1,30.3999996185,31.2412109375
e5,3,MAE,2024,test,2024-02-29,2024-03-02,2,28.8999996185,30.9696311951
e5,3,MAE,2024,test,2024-02-29,2024-03-03,3,29.7000007629,31.3999385834
e5,3,MAE,2024,test,2024-03-01,2024-03-02,1,28.8999996185,30.0864524841
e5,3,MAE,2024,test,2024-03-01,2024-03-03,2,29.7000007629,30.2644176483
e5,3,MAE,2024,test,2024-03-01,2024-03-04,3,33.7000007629,30.8328685760
e5,3,MAE,2024,test,2024-03-02,2024-03-03,1,29.7000007629,29.2192192078
e5,3,MAE,2024,test,2024-03-02,2024-03-04,2,33.7000007629,29.5659961700
e5,3,MAE,2024,test,2024-03-02,2024-03-05,3,40.5000000000,28.4106159210
e5,3,MAE,2024,test,2024-03-03,2024-03-04,1,33.7000007629,30.6917686462
e5,3,MAE,2024,test,2024-03-03,2024-03-05,2,40.5000000000,29.8507480621
e5,3,MAE,2024,test,2024-03-03,2024-03-06,3,39.0999984741,29.2653350830
e5,3,MAE,2024,test,2024-03-04,2024-03-05,1,40.5000000000,33.8596954346
e5,3,MAE,2024,test,2024-03-04,2024-03-06,2,39.0999984741,33.3143653870
e5,3,MAE,2024,test,2024-03-04,2024-03-07,3,38.2000007629,33.5482444763
e5,3,MAE,2024,test,2024-03-05,2024-03-06,1,39.0999984741,40.0212974548
e5,3,MAE,2024,test,2024-03-05,2024-03-07,2,38.2000007629,40.2629318237
e5,3,MAE,2024,test,2024-03-05,2024-03-08,3,37.5000000000,40.0682029724
e5,3,MAE,2024,test,2024-03-06,2024-03-07,1,38.2000007629,39.0705947876
e5,3,MAE,2024,test,2024-03-06,2024-03-08,2,37.5000000000,38.6793708801
e5,3,MAE,2024,test,2024-03-06,2024-03-09,3,36.5999984741,38.4225692749
e5,3,MAE,2024,test,2024-03-07,2024-03-08,1,37.5000000000,37.7230453491
e5,3,MAE,2024,test,2024-03-07,2024-03-09,2,36.5999984741,37.2788963318
e5,3,MAE,2024,test,2024-03-07,2024-03-10,3,35.5000000000,37.2207870483
e5,3,MAE,2024,test,2024-03-08,2024-03-09,1,36.5999984741,36.8539619446
e5,3,MAE,2024,test,2024-03-08,2024-03-10,2,35.5000000000,36.7186584473
e5,3,MAE,2024,test,2024-03-08,2024-03-11,3,34.2999992371,36.4299163818
e5,3,MAE,2024,test,2024-03-09,2024-03-10,1,35.5000000000,35.9485931396
e5,3,MAE,2024,test,2024-03-09,2024-03-11,2,34.2999992371,35.6015243530
e5,3,MAE,2024,test,2024-03-09,2024-03-12,3,33.2000007629,35.6439514160
e5,3,MAE,2024,test,2024-03-10,2024-03-11,1,34.2999992371,34.7975196838
e5,3,MAE,2024,test,2024-03-10,2024-03-12,2,33.2000007629,34.5762329102
e5,3,MAE,2024,test,2024-03-10,2024-03-13,3,32.5999984741,34.3475227356
e5,3,MAE,2024,test,2024-03-11,2024-03-12,1,33.2000007629,33.5975456238
e5,3,MAE,2024,test,2024-03-11,2024-03-13,2,32.5999984741,33.4192390442
e5,3,MAE,2024,test,2024-03-11,2024-03-14,3,31.5000000000,33.1504783630
e5,3,MAE,2024,test,2024-03-12,2024-03-13,1,32.5999984741,32.8093872070
e5,3,MAE,2024,test,2024-03-12,2024-03-14,2,31.5000000000,32.4009056091
e5,3,MAE,2024,test,2024-03-12,2024-03-15,3,30.7000007629,33.3425407410
e5,3,MAE,2024,test,2024-03-13,2024-03-14,1,31.5000000000,31.7814655304
e5,3,MAE,2024,test,2024-03-13,2024-03-15,2,30.7000007629,32.6090774536
e5,3,MAE,2024,test,2024-03-13,2024-03-16,3,32.0999984741,31.9357833862
e5,3,MAE,2024,test,2024-03-14,2024-03-15,1,30.7000007629,31.5093994141
e5,3,MAE,2024,test,2024-03-14,2024-03-16,2,32.0999984741,30.7490558624
e5,3,MAE,2024,test,2024-03-14,2024-03-17,3,31.1000003815,30.3913345337
e5,3,MAE,2024,test,2024-03-15,2024-03-16,1,32.0999984741,30.1563262939
e5,3,MAE,2024,test,2024-03-15,2024-03-17,2,31.1000003815,29.8766689301
e5,3,MAE,2024,test,2024-03-15,2024-03-18,3,30.0000000000,29.6180801392
e5,3,MAE,2024,test,2024-03-16,2024-03-17,1,31.1000003815,31.5875816345
e5,3,MAE,2024,test,2024-03-16,2024-03-18,2,30.0000000000,31.3516445160
e5,3,MAE,2024,test,2024-03-16,2024-03-19,3,28.8999996185,30.7213001251
e5,3,MAE,2024,test,2024-03-17,2024-03-18,1,30.0000000000,30.5700988770
e5,3,MAE,2024,test,2024-03-17,2024-03-19,2,28.8999996185,29.8784999847
e5,3,MAE,2024,test,2024-03-17,2024-03-20,3,27.7000007629,29.7452182770
e5,3,MAE,2024,test,2024-03-18,2024-03-19,1,28.8999996185,29.5644207001
e5,3,MAE,2024,test,2024-03-18,2024-03-20,2,27.7000007629,29.6236000061
e5,3,MAE,2024,test,2024-03-18,2024-03-21,3,26.6000003815,29.5375900269
e5,3,MAE,2024,test,2024-03-19,2024-03-20,1,27.7000007629,28.3186912537
e5,3,MAE,2024,test,2024-03-19,2024-03-21,2,26.6000003815,28.1419372559
e5,3,MAE,2024,test,2024-03-19,2024-03-22,3,25.8999996185,27.7515335083
e5,3,MAE,2024,test,2024-03-20,2024-03-21,1,26.6000003815,27.2420997620
e5,3,MAE,2024,test,2024-03-20,2024-03-22,2,25.8999996185,26.8633899689
e5,3,MAE,2024,test,2024-03-20,2024-03-23,3,25.6000003815,26.7774124146
e5,3,MAE,2024,test,2024-03-21,2024-03-22,1,25.8999996185,26.3920078278
e5,3,MAE,2024,test,2024-03-21,2024-03-23,2,25.6000003815,26.3046169281
e5,3,MAE,2024,test,2024-03-21,2024-03-24,3,25.6000003815,26.1144752502
e5,3,MAE,2024,test,2024-03-22,2024-03-23,1,25.6000003815,25.9518451691
e5,3,MAE,2024,test,2024-03-22,2024-03-24,2,25.6000003815,25.5722103119
e5,3,MAE,2024,test,2024-03-22,2024-03-25,3,25.2999992371,25.0181941986
e5,3,MAE,2024,test,2024-03-23,2024-03-24,1,25.6000003815,25.4365825653
e5,3,MAE,2024,test,2024-03-23,2024-03-25,2,25.2999992371,24.9863338470
e5,3,MAE,2024,test,2024-03-23,2024-03-26,3,24.8999996185,25.6071434021
e5,3,MAE,2024,test,2024-03-24,2024-03-25,1,25.2999992371,25.0430812836
e5,3,MAE,2024,test,2024-03-24,2024-03-26,2,24.8999996185,25.6107635498
e5,3,MAE,2024,test,2024-03-24,2024-03-27,3,24.6000003815,25.6331348419
e5,3,MAE,2024,test,2024-03-25,2024-03-26,1,24.8999996185,25.4440689087
e5,3,MAE,2024,test,2024-03-25,2024-03-27,2,24.6000003815,24.9040737152
e5,3,MAE,2024,test,2024-03-25,2024-03-28,3,24.3999996185,24.7956523895
e5,3,MAE,2024,test,2024-03-26,2024-03-27,1,24.6000003815,24.5796394348
e5,3,MAE,2024,test,2024-03-26,2024-03-28,2,24.3999996185,24.5492725372
e5,3,MAE,2024,test,2024-03-26,2024-03-29,3,27.1000003815,24.5819549561
e5,3,MAE,2024,test,2024-03-27,2024-03-28,1,24.3999996185,24.3400421143
e5,3,MAE,2024,test,2024-03-27,2024-03-29,2,27.1000003815,24.3069858551
e5,3,MAE,2024,test,2024-03-27,2024-03-30,3,27.0000000000,24.1335659027
e5,3,MAE,2024,test,2024-03-28,2024-03-29,1,27.1000003815,24.1531448364
e5,3,MAE,2024,test,2024-03-28,2024-03-30,2,27.0000000000,23.7719841003
e5,3,MAE,2024,test,2024-03-28,2024-03-31,3,26.3999996185,23.6462593079
e5,3,MAE,2024,test,2024-03-29,2024-03-30,1,27.0000000000,26.6924228668
e5,3,MAE,2024,test,2024-03-29,2024-03-31,2,26.3999996185,26.5111446381
e5,3,MAE,2024,test,2024-03-29,2024-04-01,3,25.7000007629,26.6512660980
e5,3,MAE,2024,test,2024-03-30,2024-03-31,1,26.3999996185,26.3733444214
e5,3,MAE,2024,test,2024-03-30,2024-04-01,2,25.7000007629,26.3381404877
e5,3,MAE,2024,test,2024-03-30,2024-04-02,3,25.2999992371,26.3399963379
e5,3,MAE,2024,test,2024-03-31,2024-04-01,1,25.7000007629,26.0143051147
e5,3,MAE,2024,test,2024-03-31,2024-04-02,2,25.2999992371,25.9654712677
e5,3,MAE,2024,test,2024-03-31,2024-04-03,3,24.7000007629,25.6579856873
e5,3,MAE,2024,test,2024-04-01,2024-04-02,1,25.2999992371,25.3915634155
e5,3,MAE,2024,test,2024-04-01,2024-04-03,2,24.7000007629,25.0103988647
e5,3,MAE,2024,test,2024-04-01,2024-04-04,3,24.2000007629,24.5850696564
e5,3,MAE,2024,test,2024-04-02,2024-04-03,1,24.7000007629,24.9156894684
e5,3,MAE,2024,test,2024-04-02,2024-04-04,2,24.2000007629,24.5339927673
e5,3,MAE,2024,test,2024-04-02,2024-04-05,3,24.0000000000,24.0153255463
e5,3,MAE,2024,test,2024-04-03,2024-04-04,1,24.2000007629,24.2046470642
e5,3,MAE,2024,test,2024-04-03,2024-04-05,2,24.0000000000,23.7545375824
e5,3,MAE,2024,test,2024-04-03,2024-04-06,3,29.2000007629,24.4623661041
e5,3,MAE,2024,test,2024-04-04,2024-04-05,1,24.0000000000,23.9933567047
e5,3,MAE,2024,test,2024-04-04,2024-04-06,2,29.2000007629,24.8734283447
e5,3,MAE,2024,test,2024-04-04,2024-04-07,3,32.0000000000,23.9595565796
e5,3,MAE,2024,test,2024-04-05,2024-04-06,1,29.2000007629,24.7271041870
e5,3,MAE,2024,test,2024-04-05,2024-04-07,2,32.0000000000,23.4925384521
e5,3,MAE,2024,test,2024-04-05,2024-04-08,3,31.6000003815,23.9110984802
e5,3,MAE,2024,test,2024-04-06,2024-04-07,1,32.0000000000,28.8752651215
e5,3,MAE,2024,test,2024-04-06,2024-04-08,2,31.6000003815,29.3789234161
e5,3,MAE,2024,test,2024-04-06,2024-04-09,3,34.0999984741,29.6019840240
e5,3,MAE,2024,test,2024-04-07,2024-04-08,1,31.6000003815,32.1064796448
e5,3,MAE,2024,test,2024-04-07,2024-04-09,2,34.0999984741,31.6921653748
e5,3,MAE,2024,test,2024-04-07,2024-04-10,3,33.5999984741,31.4416255951
e5,3,MAE,2024,test,2024-04-08,2024-04-09,1,34.0999984741,31.2860183716
e5,3,MAE,2024,test,2024-04-08,2024-04-10,2,33.5999984741,31.0352478027
e5,3,MAE,2024,test,2024-04-08,2024-04-11,3,33.7000007629,31.4187927246
e5,3,MAE,2024,test,2024-04-09,2024-04-10,1,33.5999984741,33.8252258301
e5,3,MAE,2024,test,2024-04-09,2024-04-11,2,33.7000007629,34.2663116455
e5,3,MAE,2024,test,2024-04-09,2024-04-12,3,44.5999984741,35.9889030457
e5,3,MAE,2024,test,2024-04-10,2024-04-11,1,33.7000007629,34.1968307495
e5,3,MAE,2024,test,2024-04-10,2024-04-12,2,44.5999984741,35.7896308899
e5,3,MAE,2024,test,2024-04-10,2024-04-13,3,40.7999992371,34.0916595459
e5,3,MAE,2024,test,2024-04-11,2024-04-12,1,44.5999984741,35.0440750122
e5,3,MAE,2024,test,2024-04-11,2024-04-13,2,40.7999992371,33.0058784485
e5,3,MAE,2024,test,2024-04-11,2024-04-14,3,40.2000007629,33.1176223755
e5,3,MAE,2024,test,2024-04-12,2024-04-13,1,40.7999992371,44.5852851868
e5,3,MAE,2024,test,2024-04-12,2024-04-14,2,40.2000007629,44.7139396667
e5,3,MAE,2024,test,2024-04-12,2024-04-15,3,39.9000015259,44.4059066772
e5,3,MAE,2024,test,2024-04-13,2024-04-14,1,40.2000007629,40.7914924622
e5,3,MAE,2024,test,2024-04-13,2024-04-15,2,39.9000015259,40.5678024292
e5,3,MAE,2024,test,2024-04-13,2024-04-16,3,39.4000015259,40.4352455139
e5,3,MAE,2024,test,2024-04-14,2024-04-15,1,39.9000015259,39.7580184937
e5,3,MAE,2024,test,2024-04-14,2024-04-16,2,39.4000015259,39.6871032715
e5,3,MAE,2024,test,2024-04-14,2024-04-17,3,39.0000000000,39.6984786987
e5,3,MAE,2024,test,2024-04-15,2024-04-16,1,39.4000015259,39.6181831360
e5,3,MAE,2024,test,2024-04-15,2024-04-17,2,39.0000000000,39.5801124573
e5,3,MAE,2024,test,2024-04-15,2024-04-18,3,38.7999992371,38.8777236938
e5,3,MAE,2024,test,2024-04-16,2024-04-17,1,39.0000000000,38.8642616272
e5,3,MAE,2024,test,2024-04-16,2024-04-18,2,38.7999992371,38.0704612732
e5,3,MAE,2024,test,2024-04-16,2024-04-19,3,39.7000007629,39.4388275146
e5,3,MAE,2024,test,2024-04-17,2024-04-18,1,38.7999992371,38.5701904297
e5,3,MAE,2024,test,2024-04-17,2024-04-19,2,39.7000007629,39.2227363586
e5,3,MAE,2024,test,2024-04-17,2024-04-20,3,48.7999992371,40.1811752319
e5,3,MAE,2024,test,2024-04-18,2024-04-19,1,39.7000007629,39.2108497620
e5,3,MAE,2024,test,2024-04-18,2024-04-20,2,48.7999992371,39.9458923340
e5,3,MAE,2024,test,2024-04-18,2024-04-21,3,45.9000015259,38.8876609802
e5,3,MAE,2024,test,2024-04-19,2024-04-20,1,48.7999992371,40.6793136597
e5,3,MAE,2024,test,2024-04-19,2024-04-21,2,45.9000015259,39.2274436951
e5,3,MAE,2024,test,2024-04-19,2024-04-22,3,45.7999992371,38.3065910339
e5,3,MAE,2024,test,2024-04-20,2024-04-21,1,45.9000015259,48.8411140442
e5,3,MAE,2024,test,2024-04-20,2024-04-22,2,45.7999992371,47.9723739624
e5,3,MAE,2024,test,2024-04-20,2024-04-23,3,46.4000015259,48.5349922180
e5,3,MAE,2024,test,2024-04-21,2024-04-22,1,45.7999992371,45.3644676208
e5,3,MAE,2024,test,2024-04-21,2024-04-23,2,46.4000015259,45.8364868164
e5,3,MAE,2024,test,2024-04-21,2024-04-24,3,42.2000007629,45.4950523376
e5,3,MAE,2024,test,2024-04-22,2024-04-23,1,46.4000015259,45.9655151367
e5,3,MAE,2024,test,2024-04-22,2024-04-24,2,42.2000007629,45.3817787170
e5,3,MAE,2024,test,2024-04-22,2024-04-25,3,41.9000015259,45.5102882385
e5,3,MAE,2024,test,2024-04-23,2024-04-24,1,42.2000007629,45.9376716614
e5,3,MAE,2024,test,2024-04-23,2024-04-25,2,41.9000015259,45.9247436523
e5,3,MAE,2024,test,2024-04-23,2024-04-26,3,41.7999992371,45.8445930481
e5,3,MAE,2024,test,2024-04-24,2024-04-25,1,41.9000015259,42.1383514404
e5,3,MAE,2024,test,2024-04-24,2024-04-26,2,41.7999992371,41.8431396484
e5,3,MAE,2024,test,2024-04-24,2024-04-27,3,41.5999984741,41.5542488098
e5,3,MAE,2024,test,2024-04-25,2024-04-26,1,41.7999992371,41.8531761169
e5,3,MAE,2024,test,2024-04-25,2024-04-27,2,41.5999984741,41.4619369507
e5,3,MAE,2024,test,2024-04-25,2024-04-28,3,41.4000015259,41.0402984619
e5,3,MAE,2024,test,2024-04-26,2024-04-27,1,41.5999984741,41.7532005310
e5,3,MAE,2024,test,2024-04-26,2024-04-28,2,41.4000015259,41.3768463135
e5,3,MAE,2024,test,2024-04-26,2024-04-29,3,41.2999992371,41.5162620544
e5,3,MAE,2024,test,2024-04-27,2024-04-28,1,41.4000015259,41.3604774475
e5,3,MAE,2024,test,2024-04-27,2024-04-29,2,41.2999992371,41.1968727112
e5,3,MAE,2024,test,2024-04-27,2024-04-30,3,40.2000007629,41.0957298279
e5,3,MAE,2024,test,2024-04-28,2024-04-29,1,41.2999992371,41.1008186340
e5,3,MAE,2024,test,2024-04-28,2024-04-30,2,40.2000007629,40.8527030945
e5,3,MAE,2024,test,2024-04-28,2024-05-01,3,41.0999984741,41.2997627258
e5,3,MAE,2024,test,2024-04-29,2024-04-30,1,40.2000007629,40.8614540100
e5,3,MAE,2024,test,2024-04-29,2024-05-01,2,41.0999984741,41.3228874207
e5,3,MAE,2024,test,2024-04-29,2024-05-02,3,42.7000007629,41.1875228882
e5,3,MAE,2024,test,2024-04-30,2024-05-01,1,41.0999984741,40.1616744995
e5,3,MAE,2024,test,2024-04-30,2024-05-02,2,42.7000007629,39.5733299255
e5,3,MAE,2024,test,2024-04-30,2024-05-03,3,42.7000007629,39.3981208801
e5,3,MAE,2024,test,2024-05-01,2024-05-02,1,42.7000007629,40.8528099060
e5,3,MAE,2024,test,2024-05-01,2024-05-03,2,42.7000007629,40.6138229370
e5,3,MAE,2024,test,2024-05-01,2024-05-04,3,42.5999984741,40.7753906250
e5,3,MAE,2024,test,2024-05-02,2024-05-03,1,42.7000007629,42.5109329224
e5,3,MAE,2024,test,2024-05-02,2024-05-04,2,42.5999984741,42.6257324219
e5,3,MAE,2024,test,2024-05-02,2024-05-05,3,42.2999992371,42.5832061768
e5,3,MAE,2024,test,2024-05-03,2024-05-04,1,42.5999984741,42.5201034546
e5,3,MAE,2024,test,2024-05-03,2024-05-05,2,42.2999992371,42.3721313477
e5,3,MAE,2024,test,2024-05-03,2024-05-06,3,42.2000007629,42.0234794617
e5,3,MAE,2024,test,2024-05-04,2024-05-05,1,42.2999992371,42.7674636841
e5,3,MAE,2024,test,2024-05-04,2024-05-06,2,42.2000007629,42.3839988708
e5,3,MAE,2024,test,2024-05-04,2024-05-07,3,41.9000015259,42.0032730103
e5,3,MAE,2024,test,2024-05-05,2024-05-06,1,42.2000007629,42.2807044983
e5,3,MAE,2024,test,2024-05-05,2024-05-07,2,41.9000015259,42.0279922485
e5,3,MAE,2024,test,2024-05-05,2024-05-08,3,41.7000007629,41.8545570374
e5,3,MAE,2024,test,2024-05-06,2024-05-07,1,41.9000015259,41.8545722961
e5,3,MAE,2024,test,2024-05-06,2024-05-08,2,41.7000007629,41.4970970154
e5,3,MAE,2024,test,2024-05-06,2024-05-09,3,41.5000000000,41.0856285095
e5,3,MAE,2024,test,2024-05-07,2024-05-08,1,41.7000007629,41.5965080261
e5,3,MAE,2024,test,2024-05-07,2024-05-09,2,41.5000000000,41.2058753967
e5,3,MAE,2024,test,2024-05-07,2024-05-10,3,41.2000007629,40.9730415344
e5,3,MAE,2024,test,2024-05-08,2024-05-09,1,41.5000000000,41.4028015137
e5,3,MAE,2024,test,2024-05-08,2024-05-10,2,41.2000007629,41.2154846191
e5,3,MAE,2024,test,2024-05-08,2024-05-11,3,41.0000000000,41.1037750244
e5,3,MAE,2024,test,2024-05-09,2024-05-10,1,41.2000007629,41.1199073792
e5,3,MAE,2024,test,2024-05-09,2024-05-11,2,41.0000000000,40.8923034668
e5,3,MAE,2024,test,2024-05-09,2024-05-12,3,40.7999992371,40.7505760193
e5,3,MAE,2024,test,2024-05-10,2024-05-11,1,41.0000000000,40.9434471130
e5,3,MAE,2024,test,2024-05-10,2024-05-12,2,40.7999992371,40.7311668396
e5,3,MAE,2024,test,2024-05-10,2024-05-13,3,40.5000000000,40.3615608215
e5,3,MAE,2024,test,2024-05-11,2024-05-12,1,40.7999992371,40.8272705078
e5,3,MAE,2024,test,2024-05-11,2024-05-13,2,40.5000000000,40.3190574646
e5,3,MAE,2024,test,2024-05-11,2024-05-14,3,40.0999984741,40.6469039917
e5,3,MAE,2024,test,2024-05-12,2024-05-13,1,40.5000000000,40.3606338501
e5,3,MAE,2024,test,2024-05-12,2024-05-14,2,40.0999984741,40.6406402588
e5,3,MAE,2024,test,2024-05-12,2024-05-15,3,41.2000007629,41.4815101624
e5,3,MAE,2024,test,2024-05-13,2024-05-14,1,40.0999984741,40.4174537659
e5,3,MAE,2024,test,2024-05-13,2024-05-15,2,41.2000007629,41.0520057678
e5,3,MAE,2024,test,2024-05-13,2024-05-16,3,42.5999984741,40.0689201355
e5,3,MAE,2024,test,2024-05-14,2024-05-15,1,41.2000007629,41.0445175171
e5,3,MAE,2024,test,2024-05-14,2024-05-16,2,42.5999984741,39.6641464233
e5,3,MAE,2024,test,2024-05-14,2024-05-17,3,43.2000007629,40.4728431702
e5,3,MAE,2024,test,2024-05-15,2024-05-16,1,42.5999984741,40.6882400513
e5,3,MAE,2024,test,2024-05-15,2024-05-17,2,43.2000007629,41.5813522339
e5,3,MAE,2024,test,2024-05-15,2024-05-18,3,44.7000007629,41.5899848938
e5,3,MAE,2024,test,2024-05-16,2024-05-17,1,43.2000007629,42.4101905823
e5,3,MAE,2024,test,2024-05-16,2024-05-18,2,44.7000007629,41.9718780518
e5,3,MAE,2024,test,2024-05-16,2024-05-19,3,44.5000000000,41.6577033997
e5,3,MAE,2024,test,2024-05-17,2024-05-18,1,44.7000007629,42.8026084900
e5,3,MAE,2024,test,2024-05-17,2024-05-19,2,44.5000000000,42.5499038696
e5,3,MAE,2024,test,2024-05-17,2024-05-20,3,45.7999992371,44.2016143799
e5,3,MAE,2024,test,2024-05-18,2024-05-19,1,44.5000000000,44.1241340637
e5,3,MAE,2024,test,2024-05-18,2024-05-20,2,45.7999992371,46.3608703613
e5,3,MAE,2024,test,2024-05-18,2024-05-21,3,50.4000015259,44.2228851318
e5,3,MAE,2024,test,2024-05-19,2024-05-20,1,45.7999992371,48.0078887939
e5,3,MAE,2024,test,2024-05-19,2024-05-21,2,50.4000015259,44.3721313477
e5,3,MAE,2024,test,2024-05-19,2024-05-22,3,48.0000000000,43.9676399231
e5,3,MAE,2024,test,2024-05-20,2024-05-21,1,50.4000015259,45.7229576111
e5,3,MAE,2024,test,2024-05-20,2024-05-22,2,48.0000000000,45.1332244873
e5,3,MAE,2024,test,2024-05-20,2024-05-23,3,48.5000000000,45.1774787903
